timestep_reward_type: delta_gamma
timestep_factor: 1
episode_reward_type: gamma_global
episode_factor: 0
tp/toff_init: [15, 15]
std: 0.4
num_episodes: 20
num_timesteps: 15
model_reload: C:\Users\Kalibrier-Windkanal\Documents\AFC_ReinforcementLearning\save_dir\data\measurements_alex\delta_gamma_std0.4\model_2024-11-18_1227.pth

episode	timestep	dt_p	dt_off	t_p	t_off	reward	gamma_global	delta_gamma	sum_of_gamma	sum_of_gamma_norm	gamma_local	critic_value	mu
0	0	-0.7057882	0.63737255	14.294211	15.637373	0.005788659793814488	0.6689195876288659	0.005788659793814488	0.6689195876288659	0.6689195876288659	[0.9944 0.9936 0.9892 0.9672 0.8564 0.6178 0.026  0.9636]	0.028190402	[-0.41476625  0.16049695]
0	1	-0.14018616	0.54358685	14.154025	16.18096	-0.004021649484536094	0.6648979381443298	-0.004021649484536094	1.333817525773196	0.666908762886598	[0.9936 0.9886 0.9894 0.9708 0.8472 0.6008 0.028  0.9614]	0.028914748	[-0.41749516  0.15778136]
0	2	-0.7204195	0.32484418	13.433605	16.505804	0.007019587628865787	0.6719175257731956	0.007019587628865787	2.0057350515463916	0.6685783505154639	[0.9954 0.9932 0.9878 0.9696 0.862  0.615  0.0332 0.9736]	0.028607024	[-0.41544813  0.15990305]
0	3	-0.62005556	0.3426639	12.81355	16.848469	0.00015670103092801924	0.6720742268041237	0.00015670103092801924	2.6778092783505154	0.6694523195876289	[0.993  0.9922 0.9924 0.9762 0.858  0.6318 0.0218 0.967 ]	0.02886924	[-0.41781777  0.1580483 ]
0	4	-0.5846947	-0.16201712	12.228855	16.686451	0.0025917525773195838	0.6746659793814432	0.0025917525773195838	3.3524752577319585	0.6704950515463917	[0.9944 0.9916 0.988  0.9654 0.8686 0.641  0.0254 0.9714]	0.029592557	[-0.41890457  0.15780412]
0	5	-0.22354802	0.47004253	12.005307	17.156494	-0.00021237113402072794	0.6744536082474225	-0.00021237113402072794	4.026928865979381	0.6711548109965636	[0.9914 0.995  0.9902 0.976  0.8642 0.6402 0.0296 0.9516]	0.029072119	[-0.4196092   0.15520959]
0	6	-0.7080976	0.36431208	11.29721	17.520805	0.002050515463917546	0.67650412371134	0.002050515463917546	4.703432989690722	0.6719189985272459	[0.9918 0.9908 0.9898 0.978  0.8648 0.6402 0.0332 0.9642]	0.028017087	[-0.41787213  0.1571672 ]
0	7	-0.86783564	0.34718218	10.429374	17.867987	-0.0008721649484536576	0.6756319587628864	-0.0008721649484536576	5.379064948453608	0.672383118556701	[0.992  0.9884 0.989  0.9746 0.8608 0.6526 0.0302 0.9516]	0.028057141	[-0.41857818  0.15731311]
0	8	-0.221031	0.3384736	10.208343	18.20646	0.0022556701030929105	0.6778876288659793	0.0022556701030929105	6.056952577319587	0.6729947308132874	[0.9946 0.9924 0.992  0.9778 0.8806 0.649  0.0218 0.9676]	0.027733726	[-0.41854152  0.15642792]
0	9	-0.22755654	0.050207607	9.980786	18.256668	-0.0031350515463917095	0.6747525773195876	-0.0031350515463917095	6.731705154639174	0.6731705154639174	[0.981  0.9868 0.9878 0.9738 0.877  0.6476 0.023  0.9614]	0.029205961	[-0.41945526  0.15630294]
0	10	0.069992304	0.19751865	10.050778	18.454187	-0.0025144329896906736	0.6722381443298969	-0.0025144329896906736	7.403943298969071	0.6730857544517337	[0.9884 0.9868 0.9872 0.9756 0.867  0.6486 0.0134 0.9628]	0.028126655	[-0.41716066  0.1545899 ]
0	11	-0.39852497	0.6459986	9.652253	19.100185	0.008542268041237033	0.680780412371134	0.008542268041237033	8.084723711340205	0.6737269759450171	[0.992  0.9928 0.9908 0.9818 0.8784 0.664  0.018  0.9774]	0.030499605	[-0.4188451   0.15543646]
0	12	-0.5827642	-0.25446856	9.069489	18.845716	-0.006161855670103189	0.6746185567010308	-0.006161855670103189	8.759342268041236	0.673795559080095	[0.9796 0.989  0.9872 0.9728 0.8676 0.6568 0.0156 0.97  ]	0.031047164	[-0.4220194  0.1547906]
0	13	-0.3295785	0.008980185	8.73991	18.854696	0.00038556701030945106	0.6750041237113402	0.00038556701030945106	9.434346391752577	0.6738818851251841	[0.9864 0.9872 0.987  0.97   0.8694 0.6546 0.0154 0.9774]	0.03037086	[-0.41983175  0.1531011 ]
0	14	-0.5385424	-0.36600572	8.201367	18.488691	0.011240206185566981	0.6862443298969072	0.011240206185566981	10.120590721649483	0.6747060481099656	[0.9926 0.9916 0.9934 0.9804 0.8908 0.6882 0.0142 0.9828]	0.030695332	[-0.42058495  0.15348308]
1	0	-0.31939393	0.58056915	14.680606	15.580569	0.009685567010309426	0.6610742268041238	0.009685567010309426	0.6610742268041238	0.6610742268041238	[0.9918 0.9912 0.987  0.9674 0.8526 0.5958 0.0146 0.9634]	0.037143093	[-0.477272   0.2409698]
1	1	-0.7176212	0.44204456	13.962985	16.022614	-0.004528865979381624	0.6565453608247421	-0.004528865979381624	1.3176195876288659	0.6588097938144329	[0.9942 0.991  0.9874 0.9666 0.839  0.5902 0.011  0.9516]	0.038055044	[-0.4789285  0.2398977]
1	2	0.23621556	1.0053298	14.199201	17.027943	-0.00035773195876276365	0.6561876288659794	-0.00035773195876276365	1.9738072164948453	0.657935738831615	[0.9928 0.9906 0.9896 0.9606 0.8484 0.6012 0.0108 0.9256]	0.038215842	[-0.47811297  0.24088028]
1	3	-0.15098614	0.42979696	14.048215	17.457739	0.0010927835051546264	0.657280412371134	0.0010927835051546264	2.6310876288659792	0.6577719072164948	[0.9896 0.9916 0.9918 0.9682 0.8466 0.603  0.0098 0.9278]	0.035216745	[-0.47563472  0.23978381]
1	4	-0.47276843	-0.2591971	13.575446	17.198542	0.005918556701030919	0.6631989690721649	0.005918556701030919	3.294286597938144	0.6588573195876288	[0.9946 0.9892 0.9882 0.9674 0.8456 0.6248 0.0096 0.9506]	0.03566308	[-0.47606787  0.24040404]
1	5	-0.8139811	0.18578115	12.761465	17.384323	-0.0013948453608249034	0.66180412371134	-0.0013948453608249034	3.956090721649484	0.6593484536082473	[0.992  0.989  0.9844 0.9702 0.845  0.6148 0.013  0.9502]	0.037572708	[-0.48071784  0.23856482]
1	6	-0.8556839	0.18335557	11.905781	17.567678	0.005605154639175325	0.6674092783505153	0.005605154639175325	4.623499999999999	0.6604999999999999	[0.991  0.9948 0.9906 0.9748 0.8606 0.6212 0.0114 0.9644]	0.03787091	[-0.47954795  0.23905224]
1	7	0.19497731	0.008767292	12.100759	17.576447	0.005798969072165039	0.6732082474226804	0.005798969072165039	5.296708247422679	0.6620885309278349	[0.9898 0.9928 0.9916 0.9726 0.8634 0.6448 0.0142 0.9722]	0.03824089	[-0.48145583  0.23892207]
1	8	-0.25871927	0.16384879	11.842039	17.740295	-0.002758762886598043	0.6704494845360823	-0.002758762886598043	5.967157731958761	0.6630175257731957	[0.9878 0.9878 0.9884 0.9662 0.854  0.6572 0.0086 0.9618]	0.037711676	[-0.48388776  0.23685417]
1	9	-0.13159266	0.5770733	11.710446	18.31737	-0.004027835051546247	0.6664216494845361	-0.004027835051546247	6.6335793814432975	0.6633579381443298	[0.9928 0.987  0.9836 0.9654 0.8614 0.6374 0.0086 0.9552]	0.03791235	[-0.48370945  0.23491876]
1	10	-0.05311066	0.8145355	11.657335	19.131905	-0.00045463917525767616	0.6659670103092784	-0.00045463917525767616	7.299546391752576	0.6635951265229614	[0.9822 0.9868 0.9842 0.966  0.8606 0.6338 0.0104 0.958 ]	0.037903707	[-0.48114637  0.2363927 ]
1	11	-0.23931786	0.3769959	11.418017	19.5089	0.0008329896907215417	0.6668	0.0008329896907215417	7.966346391752576	0.6638621993127146	[0.988  0.985  0.9894 0.97   0.8568 0.6402 0.0118 0.9454]	0.037234407	[-0.48019657  0.23552923]
1	12	-0.40965295	0.3508805	11.008365	19.85978	0.003792783505154662	0.6705927835051546	0.003792783505154662	8.63693917525773	0.664379936558287	[0.9864 0.9884 0.988  0.9732 0.8738 0.6478 0.0094 0.9524]	0.035937827	[-0.47991025  0.23730509]
1	13	-1.0535392	0.54572725	9.954825	20.405506	0.005834020618556535	0.6764268041237111	0.005834020618556535	9.313365979381441	0.6652404270986744	[0.9904 0.9904 0.988  0.973  0.8764 0.6702 0.0094 0.9618]	0.03688165	[-0.48081848  0.2361927 ]
1	14	-1.1677637	0.5775343	8.787062	20.98304	-0.0033350515463916874	0.6730917525773195	-0.0033350515463916874	9.98645773195876	0.6657638487972507	[0.9878 0.9866 0.9846 0.9732 0.876  0.6568 0.0096 0.9618]	0.03808805	[-0.48433802  0.23470849]
2	0	-0.75128436	0.71705866	14.248715	15.717058	0.00653298969072158	0.6508030927835051	0.00653298969072158	0.6508030927835051	0.6508030927835051	[0.99   0.9886 0.9856 0.9564 0.8214 0.5782 0.011  0.9516]	0.044150885	[-0.42011532  0.26202437]
2	1	-0.9576156	0.28511736	13.2911	16.002176	0.005947422680412373	0.6567505154639175	0.005947422680412373	1.3075536082474226	0.6537768041237113	[0.992  0.9888 0.9846 0.9566 0.835  0.6092 0.0096 0.9432]	0.043117043	[-0.42129067  0.26198074]
2	2	-0.501562	1.0679934	12.789537	17.07017	0.004765979381443186	0.6615164948453607	0.004765979381443186	1.9690701030927833	0.6563567010309278	[0.986  0.9908 0.9898 0.9698 0.8414 0.607  0.011  0.9652]	0.04201917	[-0.4227877   0.25981805]
2	3	-0.3908661	-0.20128426	12.398671	16.868885	0.00048041237113405355	0.6619969072164947	0.00048041237113405355	2.631067010309278	0.6577667525773195	[0.9928 0.9918 0.9878 0.9682 0.85   0.6086 0.0116 0.9566]	0.043134045	[-0.42415377  0.26105857]
2	4	-0.32422423	0.43696237	12.074447	17.305847	0.003319587628866083	0.6653164948453608	0.003319587628866083	3.296383505154639	0.6592767010309278	[0.9888 0.9866 0.9854 0.9696 0.8486 0.6268 0.0108 0.967 ]	0.043004986	[-0.42359513  0.26135358]
2	5	-0.7676352	1.0137272	11.306811	18.319574	-0.003939175257732019	0.6613773195876288	-0.003939175257732019	3.9577608247422678	0.6596268041237113	[0.9864 0.9884 0.9844 0.9616 0.8512 0.6122 0.0098 0.9634]	0.04311436	[-0.42558846  0.2594782 ]
2	6	-0.9317415	0.272118	10.37507	18.591692	0.010545360824742223	0.671922680412371	0.010545360824742223	4.629683505154639	0.6613833578792342	[0.978  0.9894 0.9884 0.973  0.8746 0.6468 0.0098 0.9676]	0.042763647	[-0.4236831   0.25899342]
2	7	-0.4561173	0.54826885	9.918952	19.139961	0.000879381443299132	0.6728020618556702	0.000879381443299132	5.302485567010309	0.6628106958762886	[0.9886 0.986  0.9864 0.9768 0.87   0.6536 0.0078 0.9694]	0.041699346	[-0.42540294  0.25696987]
2	8	-0.71373314	0.81733215	9.205219	19.957293	-0.0008061855670105089	0.6719958762886596	-0.0008061855670105089	5.974481443298968	0.6638312714776631	[0.9878 0.9876 0.985  0.9714 0.865  0.6676 0.008  0.9476]	0.043149006	[-0.42706516  0.25816116]
2	9	-1.0256084	0.10120401	8.179611	20.058496	0.011798969072165044	0.6837948453608247	0.011798969072165044	6.658276288659793	0.6658276288659792	[0.9856 0.9874 0.9922 0.978  0.888  0.6928 0.0088 0.9778]	0.042126086	[-0.42660254  0.25656727]
2	10	-0.22132675	-0.26096836	7.9582844	19.797527	-0.0010505154639175451	0.6827443298969071	-0.0010505154639175451	7.3410206185566995	0.6673655107778818	[0.987  0.9878 0.9898 0.9784 0.8916 0.6856 0.0074 0.981 ]	0.042727496	[-0.43061307  0.2552612 ]
2	11	-0.20041732	0.0802906	7.757867	19.877817	-0.0027288659793813785	0.6800154639175258	-0.0027288659793813785	8.021036082474225	0.6684196735395188	[0.982  0.9874 0.9888 0.976  0.8794 0.6824 0.0078 0.978 ]	0.043393176	[-0.4301683  0.255586 ]
2	12	-0.118079364	0.1926964	7.6397877	20.070513	0.0006536082474225546	0.6806690721649483	0.0006536082474225546	8.701705154639173	0.669361934972244	[0.9846 0.9884 0.9876 0.971  0.8886 0.6888 0.0062 0.9716]	0.043210518	[-0.4296863   0.25510064]
2	13	-0.2764061	0.83022714	7.3633814	20.90074	0.006834020618556869	0.6875030927835052	0.006834020618556869	9.389208247422678	0.6706577319587627	[0.9844 0.9906 0.9938 0.986  0.894  0.7052 0.0074 0.9766]	0.04299211	[-0.42978296  0.2539278 ]
2	14	-0.9699621	0.6816653	6.3934193	21.582405	-0.007498969072165074	0.6800041237113401	-0.007498969072165074	10.069212371134018	0.6712808247422679	[0.9896 0.987  0.9916 0.9776 0.8878 0.6814 0.0052 0.97  ]	0.043680754	[-0.43197253  0.25514895]
3	0	-0.6521809	0.43082613	14.347819	15.430826	0.012756701030927742	0.6546762886597937	0.012756701030927742	0.6546762886597937	0.6546762886597937	[0.9928 0.9886 0.9834 0.956  0.8392 0.5888 0.011  0.9534]	0.05438681	[-0.5147844  0.3741518]
3	1	-1.0885726	0.08658388	13.259247	15.51741	0.004342268041237274	0.6590185567010309	0.004342268041237274	1.3136948453608246	0.6568474226804123	[0.985  0.9924 0.9844 0.9644 0.8508 0.5916 0.0102 0.9706]	0.053209424	[-0.5167487   0.37376547]
3	2	-0.44934094	-0.11013636	12.809906	15.407274	-0.0016432989690722266	0.6573752577319587	-0.0016432989690722266	1.9710701030927833	0.6570233676975944	[0.993  0.9906 0.9852 0.9564 0.8338 0.6026 0.009  0.9602]	0.054405794	[-0.51814336  0.3736278 ]
3	3	-0.4757148	0.32373065	12.334191	15.731005	0.006528865979381515	0.6639041237113402	0.006528865979381515	2.6349742268041236	0.6587435567010309	[0.9956 0.9934 0.9904 0.9674 0.8472 0.6058 0.0104 0.9798]	0.05354552	[-0.5193353   0.37322053]
3	4	-0.7906666	0.08478847	11.543525	15.815793	0.0021144329896904956	0.6660185567010307	0.0021144329896904956	3.3009927835051545	0.6601985567010309	[0.99   0.9922 0.9884 0.9694 0.8566 0.6146 0.01   0.98  ]	0.054681048	[-0.5216876   0.37535015]
3	5	-0.04612395	-0.14179039	11.497401	15.674003	-0.0031701030927833163	0.6628484536082474	-0.0031701030927833163	3.9638412371134017	0.660640206185567	[0.9938 0.9922 0.9898 0.9668 0.8542 0.5954 0.0102 0.9848]	0.05423872	[-0.52137166  0.37397993]
3	6	-0.16711843	0.94299185	11.330283	16.616995	0.0063402061855668546	0.6691886597938143	0.0063402061855668546	4.633029896907216	0.661861413843888	[0.9928 0.9912 0.9882 0.9714 0.847  0.6392 0.009  0.9764]	0.054929808	[-0.5205613   0.37550887]
3	7	0.3135516	0.14240657	11.643835	16.759401	-0.0052814432989689575	0.6639072164948453	-0.0052814432989689575	5.296937113402061	0.6621171391752576	[0.9942 0.99   0.986  0.9622 0.8444 0.631  0.0068 0.9604]	0.053894162	[-0.5239081   0.37320033]
3	8	-0.6796596	0.17219624	10.964175	16.931597	0.007852577319587661	0.671759793814433	0.007852577319587661	5.9686969072164935	0.663188545246277	[0.9928 0.9902 0.992  0.973  0.864  0.6368 0.0102 0.9812]	0.053046867	[-0.52146226  0.3723112 ]
3	9	-0.57994443	0.24352641	10.384231	17.175123	-0.005791752577319675	0.6659680412371133	-0.005791752577319675	6.634664948453607	0.6634664948453607	[0.9826 0.9886 0.9842 0.9632 0.8552 0.6294 0.0098 0.9728]	0.05314435	[-0.52310675  0.37385464]
3	10	-0.84956896	0.15035512	9.534661	17.325478	0.008852577319587773	0.6748206185567011	0.008852577319587773	7.3094855670103085	0.6644986879100281	[0.9944 0.9916 0.9878 0.9784 0.8654 0.6482 0.0092 0.9876]	0.05273059	[-0.5208834  0.3708597]
3	11	-0.36813456	0.5286695	9.166527	17.854147	-0.00079381443298987	0.6740268041237112	-0.00079381443298987	7.98351237113402	0.6652926975945016	[0.987  0.992  0.992  0.976  0.8654 0.6498 0.009  0.9794]	0.05457799	[-0.52511835  0.37348434]
3	12	-0.8871149	0.7064213	8.279412	18.560568	0.0032164948453609066	0.6772432989690721	0.0032164948453609066	8.660755670103091	0.6662119746233147	[0.9902 0.9896 0.9892 0.9714 0.8766 0.6634 0.0096 0.9816]	0.05283165	[-0.52381295  0.37263218]
3	13	-0.9515255	0.30662027	7.3278866	18.867188	0.0029474226804123704	0.6801907216494845	0.0029474226804123704	9.340946391752576	0.6672104565537554	[0.9906 0.9916 0.9874 0.9756 0.8842 0.6746 0.0088 0.9798]	0.05220054	[-0.52453476  0.37117448]
3	14	-0.8354143	0.4791485	6.492472	19.346336	0.006238144329896778	0.6864288659793812	0.006238144329896778	10.027375257731958	0.6684916838487972	[0.9902 0.99   0.9896 0.9798 0.891  0.695  0.0088 0.9916]	0.05251269	[-0.5252565   0.37069148]
4	0	-0.40968865	0.14524624	14.590311	15.1452465	0.01006288659793797	0.6538556701030926	0.01006288659793797	0.6538556701030926	0.6538556701030926	[0.994  0.9904 0.9892 0.9626 0.8178 0.5832 0.0106 0.9626]	0.06207043	[-0.6137902  0.3372265]
4	1	-0.8799026	0.3976047	13.710408	15.542851	0.0035144329896907855	0.6573701030927834	0.0035144329896907855	1.311225773195876	0.655612886597938	[0.9892 0.988  0.9796 0.9552 0.8302 0.602  0.0114 0.97  ]	0.062384084	[-0.6175107   0.33818915]
4	2	-1.2649355	0.67057025	12.445473	16.21342	-0.00020103092783507748	0.6571690721649484	-0.00020103092783507748	1.9683948453608244	0.6561316151202748	[0.986  0.992  0.9874 0.9662 0.8312 0.5866 0.0114 0.9734]	0.062070183	[-0.61835396  0.33404687]
4	3	-0.7726089	0.37260473	11.672864	16.586025	0.012196907216494912	0.6693659793814433	0.012196907216494912	2.6377608247422675	0.6594402061855669	[0.9932 0.9912 0.9874 0.9738 0.8596 0.6292 0.0118 0.9752]	0.062735125	[-0.6179539   0.33692273]
4	4	-0.21893704	0.09849797	11.453927	16.684523	-0.0054752577319586715	0.6638907216494846	-0.0054752577319586715	3.301651546391752	0.6603303092783503	[0.992  0.989  0.9824 0.9648 0.8518 0.6186 0.0102 0.9698]	0.061641797	[-0.62111866  0.33553192]
4	5	-0.20352301	0.51871586	11.250404	17.20324	0.004955670103092613	0.6688463917525772	0.004955670103092613	3.9704979381443293	0.6617496563573882	[0.9896 0.9932 0.9906 0.9744 0.8636 0.6292 0.0092 0.9686]	0.061739527	[-0.6193777   0.33443397]
4	6	-0.38508525	0.60009885	10.865319	17.803339	-0.0012474226804124466	0.6675989690721648	-0.0012474226804124466	4.638096907216494	0.6625852724594992	[0.9894 0.9912 0.9912 0.9694 0.8564 0.6316 0.0084 0.9678]	0.060993552	[-0.6202639   0.33536386]
4	7	-0.2920362	0.21974486	10.573283	18.023085	0.002102061855670301	0.6697010309278351	0.002102061855670301	5.307797938144329	0.6634747422680412	[0.974  0.9884 0.9878 0.974  0.8628 0.6474 0.0088 0.962 ]	0.06039296	[-0.6203328   0.33475688]
4	8	-0.2864211	0.49376428	10.286862	18.51685	-0.000885567010309396	0.6688154639175257	-0.000885567010309396	5.976613402061854	0.6640681557846505	[0.9888 0.984  0.983  0.9676 0.8546 0.6374 0.0104 0.983 ]	0.058907405	[-0.61917627  0.33192047]
4	9	-0.43243235	-0.034343302	9.85443	18.482506	0.008617525773195855	0.6774329896907215	0.008617525773195855	6.654046391752576	0.6654046391752576	[0.9904 0.9882 0.9892 0.9796 0.8694 0.6636 0.01   0.9824]	0.06116803	[-0.6213939   0.33324417]
4	10	-0.43812755	0.11346118	9.416303	18.595966	-0.0012958762886597919	0.6761371134020617	-0.0012958762886597919	7.330183505154638	0.6663803186504217	[0.9856 0.9894 0.9898 0.9716 0.873  0.6532 0.0126 0.9872]	0.060536683	[-0.6238337   0.33369815]
4	11	-0.53715134	0.27591896	8.879151	18.871885	0.0018206185567010147	0.6779577319587627	0.0018206185567010147	8.008141237113401	0.6673451030927834	[0.9898 0.987  0.9882 0.9706 0.87   0.6722 0.0112 0.9802]	0.059912473	[-0.6229564   0.33280835]
4	12	-0.0059947968	0.31937894	8.873157	19.191265	0.002340206185566962	0.6802979381443297	0.002340206185566962	8.68843917525773	0.6683414750198254	[0.988  0.9882 0.9884 0.9752 0.8864 0.6746 0.0088 0.9826]	0.059224352	[-0.62391156  0.33184108]
4	13	-0.7997873	0.30191544	8.073369	19.493181	-0.0019123711340205407	0.6783855670103092	-0.0019123711340205407	9.36682474226804	0.6690589101620029	[0.9808 0.9876 0.9864 0.972  0.8762 0.6768 0.0106 0.9758]	0.059503213	[-0.6237654  0.3316428]
4	14	-0.36014965	0.4175504	7.713219	19.910732	0.001767010309278394	0.6801525773195876	0.001767010309278394	10.046977319587628	0.6697984879725085	[0.9872 0.986  0.9882 0.9744 0.8802 0.6772 0.0102 0.983 ]	0.058601946	[-0.6229067   0.33022234]
5	0	-1.2017931	0.79401946	13.798207	15.79402	-0.003156701030927911	0.6436092783505154	-0.003156701030927911	0.6436092783505154	0.6436092783505154	[0.9928 0.9836 0.9756 0.9482 0.8056 0.5594 0.0084 0.959 ]	0.069326244	[-0.65459603  0.3330626 ]
5	1	-0.57480335	0.09637849	13.223404	15.890398	0.01502474226804118	0.6586340206185566	0.01502474226804118	1.302243298969072	0.651121649484536	[0.9952 0.9898 0.9886 0.9594 0.8362 0.597  0.008  0.975 ]	0.069427036	[-0.653926    0.33201662]
5	2	-0.33108976	0.46248925	12.892314	16.352888	0.0020886597938144513	0.660722680412371	0.0020886597938144513	1.9629659793814431	0.6543219931271477	[0.9882 0.989  0.9886 0.961  0.8386 0.611  0.0096 0.967 ]	0.06816637	[-0.65889376  0.3321552 ]
5	3	-0.21012127	0.1433341	12.682193	16.496222	-0.0021577319587627874	0.6585649484536082	-0.0021577319587627874	2.6215309278350514	0.6553827319587628	[0.994  0.991  0.9868 0.9612 0.8376 0.6074 0.0056 0.96  ]	0.06654018	[-0.65845287  0.33062616]
5	4	-0.55229264	0.5979475	12.1299	17.09417	0.0010824742268041865	0.6596474226804124	0.0010824742268041865	3.281178350515464	0.6562356701030928	[0.987  0.9846 0.981  0.958  0.84   0.6098 0.0098 0.9722]	0.06757872	[-0.65815973  0.3312264 ]
5	5	-0.50521207	0.5595826	11.624688	17.653751	0.0076195876288658315	0.6672670103092783	0.0076195876288658315	3.948445360824742	0.6580742268041236	[0.9896 0.9874 0.9868 0.972  0.8512 0.6296 0.0082 0.9788]	0.06714202	[-0.65800595  0.3292624 ]
5	6	-0.5203078	-0.4021364	11.104381	17.251616	0.005741237113401909	0.6730082474226802	0.005741237113401909	4.621453608247422	0.6602076583210603	[0.993  0.991  0.992  0.9758 0.8726 0.6352 0.0092 0.986 ]	0.067475796	[-0.66078424  0.33047867]
5	7	-1.0380018	0.29720634	10.066379	17.548822	-0.00042268041237114584	0.672585567010309	-0.00042268041237114584	5.294039175257731	0.6617548969072163	[0.9888 0.987  0.9894 0.972  0.8612 0.6472 0.0104 0.9816]	0.06724947	[-0.6620979   0.33119702]
5	8	-0.13355494	0.13357295	9.932823	17.682396	0.0012185567010311038	0.6738041237113401	0.0012185567010311038	5.967843298969071	0.6630936998854523	[0.9894 0.989  0.989  0.9734 0.865  0.6544 0.006  0.9836]	0.066051565	[-0.66203135  0.3294471 ]
5	9	-0.9969679	0.7022613	8.935855	18.384657	-0.0017432989690721046	0.672060824742268	-0.0017432989690721046	6.639904123711339	0.663990412371134	[0.9848 0.9896 0.985  0.9686 0.8722 0.6514 0.0076 0.9722]	0.06671586	[-0.66296196  0.3288883 ]
5	10	-1.2850149	0.45291454	7.65084	18.837572	0.010022680412371088	0.6820835051546391	0.010022680412371088	7.321987628865979	0.6656352389878163	[0.991  0.9936 0.991  0.9752 0.8846 0.6794 0.006  0.9898]	0.06577592	[-0.6608459   0.32730845]
5	11	-1.0655544	0.12316206	6.585285	18.960733	0.005755670103092747	0.6878391752577319	0.005755670103092747	8.00982680412371	0.6674855670103091	[0.9904 0.9868 0.9908 0.9832 0.8954 0.6958 0.0098 0.9954]	0.06618447	[-0.6655993   0.32743648]
5	12	-0.34053794	-0.18979934	6.244747	18.770933	-0.00039690721649476846	0.6874422680412371	-0.00039690721649476846	8.697269072164946	0.669020697858842	[0.9894 0.9882 0.9908 0.9802 0.894  0.6968 0.0096 0.9938]	0.06512772	[-0.66635954  0.32736   ]
5	13	-1.0276601	0.27243444	5.217087	19.043367	0.0015288659793815107	0.6889711340206186	0.0015288659793815107	9.386240206185565	0.6704457290132547	[0.9892 0.9906 0.9918 0.982  0.888  0.7074 0.0088 0.9924]	0.06490331	[-0.6663464   0.32676125]
5	14	-1.0203779	-0.017601162	4.1967087	19.025766	0.0015515463917523675	0.690522680412371	0.0015515463917523675	10.076762886597937	0.6717841924398624	[0.9868 0.988  0.991  0.9808 0.9048 0.7096 0.01   0.9898]	0.064919524	[-0.6675368   0.32639214]
6	0	-0.16038895	-0.36033332	14.839611	14.639667	-0.004994845360824729	0.6485474226804122	-0.004994845360824729	0.6485474226804122	0.6485474226804122	[0.996  0.9882 0.9822 0.9536 0.8114 0.5746 0.0122 0.9472]	0.082378656	[-0.6630311   0.32530755]
6	1	-0.72627103	0.5227361	14.11334	15.162403	0.004441237113402052	0.6529886597938143	0.004441237113402052	1.3015360824742266	0.6507680412371133	[0.9932 0.9824 0.982  0.9514 0.8326 0.5912 0.0144 0.9438]	0.081976086	[-0.6615339   0.32297513]
6	2	-0.23148513	-0.30284703	13.881855	14.859556	0.004761855670103121	0.6577505154639174	0.004761855670103121	1.959286597938144	0.653095532646048	[0.9848 0.9892 0.9842 0.9558 0.8324 0.607  0.0116 0.9584]	0.07937841	[-0.66076183  0.3209985 ]
6	3	-0.87488383	0.40079427	13.006971	15.26035	-0.00040206185567004393	0.6573484536082473	-0.00040206185567004393	2.616635051546391	0.6541587628865978	[0.9944 0.99   0.9852 0.961  0.828  0.5874 0.0168 0.9696]	0.08022076	[-0.66377926  0.3194229 ]
6	4	-0.7365217	-0.48646572	12.27045	14.773885	-0.0011030927835051774	0.6562453608247422	-0.0011030927835051774	3.2728804123711335	0.6545760824742267	[0.9912 0.9916 0.985  0.9562 0.8426 0.5854 0.013  0.9622]	0.082263395	[-0.66458285  0.3229412 ]
6	5	-0.82855684	0.22686686	11.441893	15.0007515	0.01230927835051554	0.6685546391752577	0.01230927835051554	3.9414350515463914	0.6569058419243986	[0.9918 0.9936 0.9878 0.9658 0.86   0.6234 0.0172 0.9708]	0.08153916	[-0.66298395  0.3215766 ]
6	6	-0.476672	0.8393613	10.96522	15.840113	-0.004647422680412405	0.6639072164948453	-0.004647422680412405	4.605342268041237	0.6579060382916052	[0.983  0.9922 0.9896 0.9624 0.836  0.615  0.0154 0.9762]	0.08041154	[-0.6667713   0.32042927]
6	7	-0.47746247	0.87236917	10.487758	16.712482	0.008747422680412398	0.6726546391752577	0.008747422680412398	5.277996907216494	0.6597496134020617	[0.992  0.989  0.9856 0.966  0.8564 0.6428 0.0182 0.9828]	0.080515385	[-0.666572   0.3201197]
6	8	-0.6260702	0.48201013	9.861688	17.194492	0.0021247422680411576	0.6747793814432989	0.0021247422680411576	5.952776288659793	0.6614195876288659	[0.982  0.9888 0.986  0.9696 0.8554 0.6508 0.0216 0.9832]	0.080183186	[-0.6690286  0.3190818]
6	9	-0.7912827	0.099962145	9.070405	17.294455	0.008916494845360945	0.6836958762886598	0.008916494845360945	6.636472164948453	0.6636472164948453	[0.9906 0.9892 0.9886 0.9754 0.8802 0.6724 0.0218 0.992 ]	0.079110704	[-0.66898143  0.31796733]
6	10	-1.0276444	0.15247105	8.042761	17.446926	0.0021206185567008706	0.6858164948453607	0.0021206185567008706	7.322288659793813	0.6656626054358011	[0.9806 0.9872 0.9896 0.9722 0.8718 0.6662 0.0444 0.9884]	0.078935795	[-0.67159116  0.31812075]
6	11	-0.46544525	0.265498	7.577316	17.712423	0.001260824742268074	0.6870773195876287	0.001260824742268074	8.009365979381442	0.6674471649484536	[0.9916 0.9954 0.994  0.984  0.8938 0.6902 0.0086 0.9896]	0.07552712	[-0.67001283  0.31809857]
6	12	-0.595917	0.44979477	6.9813986	18.162218	-0.0010432989690720706	0.6860340206185567	-0.0010432989690720706	8.6954	0.668876923076923	[0.9884 0.9902 0.9904 0.9788 0.8852 0.6852 0.0186 0.9892]	0.07984695	[-0.6733106   0.31793126]
6	13	-0.13925648	-0.7219583	6.842142	17.44026	0.010946391752577278	0.696980412371134	0.010946391752577278	9.392380412371134	0.6708843151693668	[0.9904 0.991  0.9912 0.9808 0.895  0.7228 0.0268 0.9938]	0.078464665	[-0.6721548   0.31742218]
6	14	-0.052480876	0.23589447	6.7896614	17.676155	-0.0024350515463917866	0.6945453608247422	-0.0024350515463917866	10.086925773195876	0.6724617182130584	[0.9896 0.9896 0.9882 0.9754 0.8902 0.713  0.0318 0.9912]	0.07649861	[-0.67542773  0.31542075]
7	0	-1.1996273	0.38873434	13.800373	15.388735	0.014798969072164936	0.6599319587628865	0.014798969072164936	0.6599319587628865	0.6599319587628865	[0.9942 0.9918 0.9834 0.959  0.8352 0.6066 0.013  0.9642]	0.09171156	[-0.6480718   0.23032953]
7	1	-0.88726044	0.09842804	12.913113	15.487163	0.0004144329896907939	0.6603463917525773	0.0004144329896907939	1.3202783505154638	0.6601391752577319	[0.9946 0.9944 0.9894 0.9596 0.8418 0.5892 0.0156 0.9768]	0.09124069	[-0.6515394   0.22879393]
7	2	-1.1662211	-0.17279667	11.746891	15.314366	0.0091175257731958	0.6694639175257731	0.0091175257731958	1.9897422680412369	0.6632474226804123	[0.9932 0.992  0.9864 0.9652 0.8522 0.6152 0.03   0.9748]	0.09184647	[-0.65170276  0.2304754 ]
7	3	-0.003761232	0.09112921	11.74313	15.405496	-0.006704123711340104	0.662759793814433	-0.006704123711340104	2.65250206185567	0.6631255154639175	[0.9932 0.9898 0.9828 0.9568 0.8254 0.6054 0.0246 0.9808]	0.08941924	[-0.6528398   0.22894463]
7	4	-0.119825065	-0.028267011	11.623304	15.377229	0.004165979381443252	0.6669257731958762	0.004165979381443252	3.3194278350515463	0.6638855670103092	[0.9894 0.9884 0.9822 0.9596 0.85   0.6158 0.0266 0.9746]	0.09092509	[-0.6531378   0.22879346]
7	5	0.093205154	0.05087343	11.71651	15.4281025	0.0031938144329898277	0.670119587628866	0.0031938144329898277	3.9895474226804124	0.6649245704467354	[0.99   0.9914 0.9882 0.9574 0.8416 0.6074 0.0482 0.9714]	0.08922662	[-0.65200263  0.22735055]
7	6	-0.76200736	0.6259711	10.954502	16.054073	0.007299999999999862	0.6774195876288659	0.007299999999999862	4.666967010309278	0.6667095729013255	[0.9882 0.9912 0.9886 0.9704 0.8536 0.6236 0.0546 0.9736]	0.08667624	[-0.6518134   0.22936141]
7	7	-0.16047493	0.40022212	10.794027	16.454296	0.001960824742267997	0.6793804123711339	0.001960824742267997	5.346347422680412	0.6682934278350515	[0.9906 0.9936 0.9898 0.9746 0.8588 0.6382 0.0452 0.9742]	0.08606835	[-0.65299225  0.22939228]
7	8	0.121578634	0.33509505	10.915606	16.78939	0.0007175257731959483	0.6800979381443298	0.0007175257731959483	6.026445360824742	0.669605040091638	[0.987  0.9922 0.9914 0.9726 0.859  0.6362 0.054  0.9678]	0.08700314	[-0.65460086  0.22868295]
7	9	-1.0902691	0.012391716	9.825336	16.801783	0.01590412371134009	0.6960020618556699	0.01590412371134009	6.722447422680412	0.6722447422680412	[0.993  0.989  0.988  0.9686 0.8574 0.6532 0.1092 0.9708]	0.08495692	[-0.6533128   0.22879846]
7	10	-0.3609425	0.41983074	9.464394	17.221613	-0.016813402061855554	0.6791886597938144	-0.016813402061855554	7.401636082474226	0.672876007497657	[0.9886 0.9884 0.985  0.9654 0.8546 0.6506 0.0486 0.9668]	0.07865796	[-0.6549986   0.22913092]
7	11	-0.58692706	-0.64131993	8.877466	16.580294	0.016164948453608274	0.6953536082474226	0.016164948453608274	8.09698969072165	0.6747491408934708	[0.9876 0.9916 0.9906 0.9748 0.8782 0.6728 0.0744 0.981 ]	0.08494405	[-0.65390044  0.22635947]
7	12	-0.68026066	0.040310144	8.197206	16.620604	-0.013810309278350585	0.6815432989690721	-0.013810309278350585	8.77853298969072	0.6752717684377477	[0.9914 0.9878 0.9896 0.9722 0.882  0.67   0.0208 0.9798]	0.081962645	[-0.65687525  0.22606632]
7	13	0.35783088	0.6705942	8.555037	17.291199	-0.0014896907216493949	0.6800536082474227	-0.0014896907216493949	9.458586597938144	0.6756133284241531	[0.986  0.991  0.989  0.9746 0.8648 0.6732 0.0172 0.9828]	0.08724228	[-0.6561191   0.22468837]
7	14	-1.1367399	0.03332247	7.418297	17.324522	0.004382474226804045	0.6844360824742267	0.004382474226804045	10.14302268041237	0.6762015120274913	[0.9924 0.9858 0.9892 0.9726 0.877  0.6702 0.0316 0.9882]	0.088351786	[-0.6572749   0.22423804]
8	0	-0.22715172	0.12081585	14.772848	15.120816	-0.002246391752577237	0.6461649484536083	-0.002246391752577237	0.6461649484536083	0.6461649484536083	[0.9906 0.9866 0.976  0.9454 0.8076 0.574  0.0292 0.9096]	0.08435997	[-0.6178339   0.16863406]
8	1	-1.0521196	-0.45260283	13.720729	14.668214	-0.0006886597938144945	0.6454762886597938	-0.0006886597938144945	1.291641237113402	0.645820618556701	[0.9834 0.9826 0.9754 0.9442 0.8044 0.5638 0.0314 0.9278]	0.08435644	[-0.61614424  0.1675038 ]
8	2	-0.4165007	-0.13401853	13.304228	14.534195	0.008995876288659832	0.6544721649484536	0.008995876288659832	1.9461134020618558	0.6487044673539519	[0.9934 0.9866 0.9832 0.951  0.825  0.5746 0.0318 0.9494]	0.08527424	[-0.61622816  0.1670581 ]
8	3	-0.5149141	0.13478169	12.789313	14.668977	0.008572164948453476	0.6630443298969071	0.008572164948453476	2.6091577319587627	0.6522894329896907	[0.9904 0.992  0.9862 0.9618 0.8428 0.5952 0.0304 0.9626]	0.086343996	[-0.6201739   0.16736259]
8	4	-0.7077046	0.105742976	12.081609	14.77472	0.0014154639175257833	0.6644597938144329	0.0014154639175257833	3.2736175257731954	0.6547235051546391	[0.9938 0.9906 0.9852 0.9636 0.8376 0.5956 0.0476 0.9404]	0.08681069	[-0.62323123  0.16560651]
8	5	-0.16044381	-0.35792455	11.9211645	14.416796	0.00046082474226816217	0.664920618556701	0.00046082474226816217	3.9385381443298964	0.6564230240549828	[0.9876 0.9908 0.9822 0.9532 0.828  0.6032 0.048  0.9554]	0.08348322	[-0.621264    0.16740492]
8	6	-0.038447738	0.08773527	11.882717	14.504531	0.004276288659793792	0.6691969072164948	0.004276288659793792	4.607735051546391	0.6582478645066273	[0.9816 0.9926 0.9872 0.9624 0.8416 0.6102 0.042  0.971 ]	0.083579116	[-0.62313384  0.16432226]
8	7	-0.51546824	0.26608455	11.367249	14.770616	0.005107216494845357	0.6743041237113402	0.005107216494845357	5.282039175257731	0.6602548969072164	[0.9932 0.9916 0.9874 0.9672 0.8488 0.6244 0.0464 0.9678]	0.08462112	[-0.62477356  0.16352843]
8	8	0.46573383	-0.27735117	11.832982	14.493264	-0.004765979381443297	0.6695381443298969	-0.004765979381443297	5.951577319587628	0.6612863688430698	[0.9938 0.9916 0.9896 0.966  0.844  0.6044 0.043  0.969 ]	0.08378276	[-0.6262376   0.16426098]
8	9	-1.0717024	0.34710497	10.76128	14.840369	0.0019113402061854412	0.6714494845360823	0.0019113402061854412	6.62302680412371	0.6623026804123711	[0.9942 0.9898 0.982  0.9596 0.8404 0.6316 0.0376 0.9704]	0.08511862	[-0.62497216  0.16614339]
8	10	-0.33605394	0.69448054	10.425226	15.53485	-3.092783505143082e-05	0.6714185567010309	-3.092783505143082e-05	7.294445360824741	0.6631313964386129	[0.988  0.9914 0.9856 0.963  0.8428 0.618  0.0414 0.9774]	0.084906936	[-0.6270692   0.16236864]
8	11	-0.3787529	0.22837502	10.0464735	15.763226	0.00943711340206188	0.6808556701030928	0.00943711340206188	7.9753010309278345	0.6646084192439862	[0.9844 0.9916 0.9908 0.9714 0.8696 0.6376 0.0474 0.9806]	0.0851864	[-0.62639815  0.16329467]
8	12	-1.3346286	-0.38732135	8.711845	15.375904	0.003234020618556488	0.6840896907216493	0.003234020618556488	8.659390721649483	0.6661069785884218	[0.9936 0.9924 0.991  0.9792 0.8646 0.652  0.044  0.9854]	0.082689255	[-0.62722903  0.16192691]
8	13	-0.65804386	0.8436879	8.053802	16.219591	0.0010886597938144504	0.6851783505154637	0.0010886597938144504	9.344569072164948	0.6674692194403534	[0.9936 0.987  0.9854 0.967  0.864  0.664  0.0522 0.9792]	0.08400326	[-0.6300952   0.16264689]
8	14	-0.63085765	-0.10473652	7.422944	16.114855	0.006004123711340292	0.691182474226804	0.006004123711340292	10.03575154639175	0.6690501030927833	[0.994  0.9902 0.9898 0.9728 0.8716 0.68   0.0524 0.9866]	0.081078455	[-0.6294798   0.16021053]
9	0	-0.6240003	0.2922459	14.375999	15.292246	-0.009772164948453455	0.6429144329896908	-0.009772164948453455	0.6429144329896908	0.6429144329896908	[0.9936 0.9886 0.9788 0.9404 0.812  0.5472 0.0178 0.9456]	0.10049056	[-0.57664496  0.05668441]
9	1	-0.2976773	0.10900546	14.078322	15.401252	0.011783505154639107	0.6546979381443299	0.011783505154639107	1.2976123711340206	0.6488061855670103	[0.995  0.9908 0.9822 0.9568 0.8236 0.5808 0.0228 0.953 ]	0.10154123	[-0.5743654   0.05699141]
9	2	-0.4532046	0.47765765	13.625118	15.878909	-0.0049979381443300275	0.6496999999999998	-0.0049979381443300275	1.9473123711340206	0.6491041237113402	[0.9914 0.9864 0.9748 0.941  0.8124 0.5798 0.022  0.949 ]	0.1005958	[-0.57819027  0.05520966]
9	3	-0.36086506	0.33142865	13.264254	16.210339	0.007517525773195977	0.6572175257731958	0.007517525773195977	2.6045298969072164	0.6511324742268041	[0.9932 0.9936 0.9888 0.9584 0.818  0.5802 0.0254 0.9672]	0.0997617	[-0.5770322   0.05347453]
9	4	-1.7085669	-0.26489773	11.555687	15.945441	0.011695876288659757	0.6689134020618556	0.011695876288659757	3.273443298969072	0.6546886597938144	[0.9918 0.9886 0.9872 0.9508 0.832  0.6074 0.0484 0.978 ]	0.10084235	[-0.58018976  0.05523084]
9	5	-0.36001062	-0.031673722	11.195677	15.913768	0.004515463917525775	0.6734288659793813	0.004515463917525775	3.9468721649484535	0.6578120274914089	[0.9922 0.9882 0.9818 0.9536 0.8206 0.5824 0.095  0.9718]	0.095598675	[-0.582029   0.0509858]
9	6	-0.6517583	-0.0691434	10.543919	15.8446245	-0.008782474226804227	0.6646463917525771	-0.008782474226804227	4.61151855670103	0.6587883652430043	[0.995  0.992  0.9856 0.9626 0.8424 0.611  0.0166 0.9792]	0.091281444	[-0.57939166  0.05423692]
9	7	-1.0382859	-0.6651529	9.505632	15.179472	0.00937216494845361	0.6740185567010307	0.00937216494845361	5.285537113402061	0.6606921391752576	[0.9956 0.9912 0.9914 0.9686 0.851  0.646  0.0226 0.9734]	0.10132713	[-0.58299434  0.0511093 ]
9	8	-0.09064296	-0.3771532	9.414989	14.802319	-0.005427835051546204	0.6685907216494845	-0.005427835051546204	5.954127835051545	0.6615697594501717	[0.9956 0.9916 0.9874 0.963  0.8452 0.622  0.0196 0.9854]	0.0975958	[-0.5850486   0.04921344]
9	9	-0.86804867	0.32656533	8.546941	15.128884	0.006447422680412318	0.6750381443298968	0.006447422680412318	6.629165979381442	0.6629165979381442	[0.993  0.9882 0.989  0.969  0.857  0.6346 0.0312 0.9834]	0.10045523	[-0.5844677   0.04998927]
9	10	0.03072393	0.18079439	8.577664	15.309679	0.001104123711340388	0.6761422680412372	0.001104123711340388	7.30530824742268	0.66411893158388	[0.993  0.9942 0.9906 0.9664 0.848  0.6366 0.0328 0.9904]	0.097472236	[-0.58418536  0.04932026]
9	11	-0.510603	-0.2289904	8.067061	15.080688	0.001444329896907015	0.6775865979381442	0.001444329896907015	7.982894845360824	0.665241237113402	[0.9946 0.9888 0.9846 0.9618 0.8616 0.648  0.035  0.9808]	0.09814365	[-0.5862512   0.04863473]
9	12	-0.6451122	0.32764348	7.4219494	15.408332	0.008968041237113478	0.6865546391752577	0.008968041237113478	8.66944948453608	0.6668807295796986	[0.9716 0.9968 0.9942 0.976  0.876  0.668  0.038  0.9896]	0.0961419	[-0.58489907  0.04696273]
9	13	-1.2371285	0.3784784	6.184821	15.78681	0.013593814432989682	0.7001484536082474	0.013593814432989682	9.369597938144327	0.6692569955817377	[0.9822 0.994  0.9934 0.985  0.896  0.7176 0.041  0.9942]	0.09436059	[-0.5862752   0.04373507]
9	14	-1.1917787	0.06714605	4.9930425	15.853956	-0.001979381443299011	0.6981690721649484	-0.001979381443299011	10.067767010309275	0.6711844673539517	[0.9926 0.9928 0.9932 0.9812 0.9038 0.7174 0.0302 0.993 ]	0.09219876	[-0.59068465  0.04028149]
10	0	-0.6691097	-0.12718605	14.330891	14.872814	0.013531958762886709	0.6626948453608247	0.013531958762886709	0.6626948453608247	0.6626948453608247	[0.9942 0.9908 0.9822 0.9576 0.8218 0.5816 0.049  0.9682]	0.11269053	[-0.5512326   0.09494346]
10	1	-0.11296627	0.47391218	14.217924	15.346726	-0.001654639175257655	0.661040206185567	-0.001654639175257655	1.3237350515463917	0.6618675257731959	[0.9914 0.9872 0.98   0.9496 0.8154 0.5854 0.0514 0.9616]	0.11051891	[-0.5535151   0.09404512]
10	2	-0.9929542	0.80974555	13.22497	16.156471	-0.0009639175257732946	0.6600762886597937	-0.0009639175257732946	1.9838113402061854	0.6612704467353951	[0.9928 0.9864 0.9778 0.9468 0.8252 0.5642 0.063  0.9586]	0.10867534	[-0.55263585  0.09307465]
10	3	-1.1428881	0.514671	12.082082	16.671143	0.017451546391752504	0.6775278350515462	0.017451546391752504	2.661339175257732	0.665334793814433	[0.9928 0.988  0.9846 0.9594 0.8284 0.639  0.0594 0.9766]	0.10788838	[-0.54978937  0.09447112]
10	4	-0.24828357	0.21130446	11.833798	16.882446	0.07049381443298974	0.748021649484536	0.07049381443298974	3.4093608247422678	0.6818721649484536	[0.9824 0.9826 0.9694 0.9468 0.8226 0.5982 0.4066 0.9628]	0.10563132	[-0.5586043   0.08894908]
10	5	-0.35528886	0.09797381	11.47851	16.98042	0.07807216494845359	0.8260938144329896	0.07807216494845359	4.235454639175257	0.7059091065292096	[0.9928 0.9876 0.9856 0.9668 0.846  0.6042 0.69   0.973 ]	0.059943877	[-0.54210943  0.08705927]
10	6	-0.27317584	0.7027137	11.205334	17.683132	-0.15419381443298963	0.6718999999999999	-0.15419381443298963	4.907354639175257	0.7010506627393225	[0.99   0.9892 0.9856 0.9652 0.8522 0.646  0.0126 0.9884]	0.031129355	[-0.531718    0.09536787]
10	7	-0.82106555	0.10571858	10.384268	17.78885	-0.007469072164948409	0.6644309278350515	-0.007469072164948409	5.571785567010309	0.6964731958762886	[0.9844 0.987  0.9868 0.9648 0.8498 0.6154 0.009  0.9862]	0.112329856	[-0.5596753   0.08673219]
10	8	-0.35812962	0.014902145	10.026138	17.803753	0.00855567010309266	0.6729865979381442	0.00855567010309266	6.244772164948453	0.6938635738831614	[0.983  0.9886 0.9858 0.97   0.8642 0.6464 0.0112 0.9886]	0.11367585	[-0.5561464   0.08920544]
10	9	-0.2062512	-0.16775784	9.819887	17.635996	0.009477319587628874	0.6824639175257731	0.009477319587628874	6.927236082474226	0.6927236082474226	[0.9878 0.9914 0.9872 0.974  0.863  0.6554 0.0388 0.99  ]	0.11211888	[-0.55854297  0.08607632]
10	10	-0.40346783	-0.38783056	9.416419	17.248165	-0.005284536082474145	0.6771793814432989	-0.005284536082474145	7.604415463917525	0.6913104967197751	[0.9946 0.9874 0.9862 0.97   0.8638 0.6528 0.0212 0.9896]	0.10870115	[-0.5601199   0.08651217]
10	11	-0.47104225	0.16727784	8.945376	17.415443	-0.004903092783505203	0.6722762886597937	-0.004903092783505203	8.27669175257732	0.6897243127147766	[0.99   0.9896 0.984  0.9662 0.8548 0.6544 0.0092 0.9828]	0.11095615	[-0.559947  0.086922]
10	12	0.16857374	0.43088883	9.11395	17.846333	0.004922680412371205	0.6771989690721649	0.004922680412371205	8.953890721649485	0.6887608247422681	[0.9894 0.9864 0.9878 0.9712 0.866  0.6708 0.0052 0.9934]	0.11220802	[-0.5597808   0.08602987]
10	13	-0.5659069	-0.11043479	8.548043	17.735897	-0.010758762886597939	0.666440206185567	-0.010758762886597939	9.620330927835052	0.6871664948453609	[0.9898 0.985  0.9798 0.9576 0.8474 0.6432 0.005  0.9812]	0.11176823	[-0.56141853  0.08471415]
10	14	-0.37305033	0.17876446	8.174993	17.914661	0.0006237113402062233	0.6670639175257732	0.0006237113402062233	10.287394845360826	0.685826323024055	[0.9862 0.984  0.9806 0.9632 0.8508 0.6466 0.0036 0.9776]	0.11277135	[-0.55829114  0.08618608]
11	0	-0.4623665	-0.76687425	14.537634	14.233126	0.010652577319587575	0.6449422680412369	0.010652577319587575	0.6449422680412369	0.6449422680412369	[0.9944 0.9896 0.9824 0.9452 0.7976 0.5748 0.0052 0.9496]	0.11581335	[-0.66491467  0.01097697]
11	1	-0.17640036	-0.21861364	14.361234	14.014512	-0.0078412371134019	0.637101030927835	-0.0078412371134019	1.282043298969072	0.641021649484536	[0.9942 0.9866 0.975  0.939  0.7918 0.5588 0.0036 0.9296]	0.11898741	[-0.670942    0.00886336]
11	2	-0.9061559	-0.5278207	13.455078	13.486691	0.0022680412371134384	0.6393690721649484	0.0022680412371134384	1.9214123711340205	0.6404707903780068	[0.9868 0.9872 0.9762 0.9384 0.7984 0.5624 0.0056 0.936 ]	0.118482515	[-0.66715837  0.01076557]
11	3	-0.56110585	0.28371036	12.893972	13.770402	0.022588659793814414	0.6619577319587628	0.022588659793814414	2.5833701030927836	0.6458425257731959	[0.9964 0.9912 0.9886 0.9648 0.8368 0.6136 0.0056 0.975 ]	0.11786782	[-0.6673878   0.00903084]
11	4	-0.8777611	0.1572988	12.0162115	13.927701	-0.00580927835051559	0.6561484536082473	-0.00580927835051559	3.239518556701031	0.6479037113402062	[0.9942 0.9906 0.9824 0.9534 0.8268 0.6042 0.0054 0.9658]	0.11902959	[-0.6761796   0.00497945]
11	5	-0.23208168	-0.11130848	11.78413	13.816393	-0.0027288659793813785	0.6534195876288659	-0.0027288659793813785	3.892938144329897	0.6488230240549828	[0.9942 0.9914 0.9842 0.95   0.8228 0.5904 0.0038 0.9724]	0.1188308	[-0.6742317   0.00492545]
11	6	-0.6571257	0.14331321	11.127005	13.959706	0.0016804123711340324	0.6550999999999999	0.0016804123711340324	4.5480381443298965	0.6497197349042709	[0.9938 0.988  0.9816 0.9538 0.8172 0.6002 0.0044 0.9774]	0.11992339	[-0.6740493  0.0056667]
11	7	-0.6889689	0.20686817	10.438036	14.1665745	0.007796907216494842	0.6628969072164947	0.007796907216494842	5.210935051546391	0.6513668814432989	[0.9962 0.9912 0.987  0.966  0.8454 0.6122 0.0046 0.9806]	0.12007862	[-0.67508394  0.00508575]
11	8	-0.73408353	-0.37529096	9.703953	13.791284	-0.008749484536082375	0.6541474226804124	-0.008749484536082375	5.865082474226804	0.6516758304696448	[0.994  0.9874 0.982  0.9506 0.8202 0.5974 0.0056 0.971 ]	0.11984695	[-0.6763447   0.00440454]
11	9	-1.4357276	-0.05411648	8.268225	13.737167	0.010556701030927762	0.6647041237113401	0.010556701030927762	6.529786597938144	0.6529786597938144	[0.9946 0.9918 0.9856 0.9578 0.856  0.6292 0.0054 0.9656]	0.11909764	[-0.6740127   0.00531898]
11	10	-0.47338766	0.16818915	7.794837	13.905356	0.009880412371134017	0.6745845360824742	0.009880412371134017	7.204371134020618	0.6549428303655107	[0.9888 0.991  0.991  0.9678 0.871  0.6676 0.0038 0.9692]	0.11685208	[-0.6755068  0.0021103]
11	11	-0.11208767	-0.6591682	7.6827493	13.246188	0.0038164948453608405	0.678401030927835	0.0038164948453608405	7.882772164948452	0.6568976804123711	[0.9954 0.9932 0.9866 0.969  0.8728 0.6796 0.0054 0.9764]	0.11464847	[-0.6780531  -0.00124619]
11	12	-1.0516132	-0.5462175	6.631136	12.69997	0.006196907216494796	0.6845979381443298	0.006196907216494796	8.567370103092783	0.6590284694686755	[0.9942 0.9946 0.9906 0.9738 0.8902 0.6984 0.005  0.9766]	0.115506865	[-0.6803636  -0.00272527]
11	13	-0.91272026	0.5661409	5.7184157	13.266111	0.0030309278350516555	0.6876288659793814	0.0030309278350516555	9.254998969072163	0.6610713549337259	[0.9956 0.9878 0.9914 0.9728 0.8906 0.713  0.0058 0.9834]	0.11406781	[-0.68149936 -0.00463323]
11	14	-1.030395	0.44648218	4.6880207	13.712593	0.01026288659793817	0.6978917525773196	0.01026288659793817	9.952890721649483	0.6635260481099655	[0.9934 0.991  0.993  0.9798 0.906  0.75   0.0038 0.9944]	0.112600215	[-0.6825763  -0.00582934]
12	0	-0.336652	-0.0018769056	14.663348	14.998123	0.004288659793814431	0.6407134020618555	0.004288659793814431	0.6407134020618555	0.6407134020618555	[0.9942 0.9876 0.9824 0.9426 0.8082 0.552  0.0052 0.944 ]	0.12427827	[-0.7252693  -0.07223168]
12	1	-0.37382278	-0.5574812	14.289525	14.440642	0.0017237113402064352	0.6424371134020619	0.0017237113402064352	1.2831505154639173	0.6415752577319587	[0.9914 0.9864 0.9782 0.947  0.8022 0.5782 0.0044 0.9248]	0.12633023	[-0.72757596 -0.07365842]
12	2	-1.22071	-0.40350282	13.068815	14.03714	0.006861855670103112	0.649298969072165	0.006861855670103112	1.9324494845360825	0.6441498281786942	[0.99   0.9896 0.9818 0.9544 0.821  0.584  0.0056 0.9448]	0.12420076	[-0.727212   -0.07425465]
12	3	-0.64010644	-0.3997982	12.428709	13.6373415	0.006395876288659563	0.6556948453608246	0.006395876288659563	2.588144329896907	0.6470360824742267	[0.9964 0.9888 0.983  0.9582 0.8258 0.5998 0.0072 0.9616]	0.12574765	[-0.7297466  -0.07645921]
12	4	-1.1805844	-0.029051252	11.248125	13.608291	-0.0002824742268039415	0.6554123711340206	-0.0002824742268039415	3.2435567010309274	0.6487113402061855	[0.9948 0.9914 0.9818 0.951  0.8296 0.606  0.0048 0.9564]	0.12625347	[-0.73291445 -0.07840085]
12	5	-0.34484568	-0.21047162	10.903279	13.3978195	0.005349484536082527	0.6607618556701031	0.005349484536082527	3.9043185567010306	0.6507197594501718	[0.9958 0.994  0.9894 0.9652 0.841  0.602  0.0044 0.979 ]	0.12579943	[-0.73265076 -0.07973847]
12	6	-0.6374559	-0.08393739	10.265823	13.313882	-0.0018319587628867762	0.6589298969072164	-0.0018319587628867762	4.563248453608247	0.6518926362297496	[0.9962 0.9898 0.9806 0.9596 0.8416 0.6048 0.0062 0.9702]	0.12800065	[-0.7352366 -0.0797783]
12	7	-1.0030832	-0.30606318	9.26274	13.007818	0.00563298969072179	0.6645628865979382	0.00563298969072179	5.227811340206185	0.6534764175257731	[0.9964 0.9952 0.9866 0.9614 0.8402 0.6276 0.0046 0.9754]	0.12711045	[-0.7337995  -0.08022579]
12	8	-0.38309938	0.06315122	8.879641	13.07097	0.0004216494845359353	0.6649845360824741	0.0004216494845359353	5.892795876288659	0.6547550973654066	[0.996  0.9912 0.9892 0.9632 0.8472 0.6296 0.0038 0.9708]	0.1264239	[-0.7366119  -0.08239081]
12	9	-1.0931436	0.06984122	7.786497	13.140811	0.010374226804123698	0.6753587628865978	0.010374226804123698	6.5681546391752565	0.6568154639175257	[0.9966 0.9946 0.9872 0.963  0.8768 0.6656 0.0034 0.9762]	0.12526214	[-0.7357904  -0.08187911]
12	10	-0.35357693	-0.07296413	7.43292	13.067847	-0.003823711340206093	0.6715350515463917	-0.003823711340206093	7.239689690721648	0.6581536082474225	[0.9742 0.989  0.9852 0.9628 0.8532 0.6716 0.0024 0.9734]	0.1238085	[-0.738338   -0.08721965]
12	11	-0.26558855	0.3812444	7.167331	13.449092	0.007217525773195788	0.6787525773195875	0.007217525773195788	7.918442268041236	0.6598701890034363	[0.9926 0.9874 0.989  0.9708 0.869  0.6838 0.0034 0.9834]	0.121869855	[-0.736685   -0.08788384]
12	12	-0.5279249	-0.053128682	6.639406	13.395964	0.005937113402061933	0.6846896907216494	0.005937113402061933	8.603131958762885	0.6617793814432988	[0.9964 0.9902 0.9898 0.9708 0.885  0.7026 0.004  0.9842]	0.122486345	[-0.7395797  -0.08788887]
12	13	-1.4034284	-0.1706128	5.2359776	13.225351	0.009917525773195712	0.6946072164948451	0.009917525773195712	9.29773917525773	0.6641242268041235	[0.9954 0.995  0.9924 0.9792 0.9038 0.7338 0.0034 0.9912]	0.12150599	[-0.74105126 -0.09006864]
12	14	-0.87645006	-0.9504305	4.3595276	12.27492	0.006165979381443365	0.7007731958762885	0.006165979381443365	9.99851237113402	0.6665674914089347	[0.9974 0.995  0.9902 0.9798 0.9132 0.7626 0.0026 0.9922]	0.12077409	[-0.7438282  -0.09333989]
13	0	-0.9650487	-0.007268712	14.034951	14.992731	0.004050515463917548	0.6451175257731958	0.004050515463917548	0.6451175257731958	0.6451175257731958	[0.9914 0.988  0.9812 0.9476 0.8186 0.5678 0.0028 0.9504]	0.13795169	[-0.75746   -0.1619118]
13	1	-0.99628663	-0.712	13.038665	14.280731	0.0019072164948454873	0.6470247422680413	0.0019072164948454873	1.292142268041237	0.6460711340206186	[0.988  0.9884 0.978  0.9502 0.8102 0.5766 0.0034 0.9614]	0.13823102	[-0.7589554  -0.16349189]
13	2	-0.8606759	-0.109544516	12.177989	14.171186	0.007188659793814223	0.6542134020618555	0.007188659793814223	1.9463556701030926	0.6487852233676975	[0.996  0.9928 0.9836 0.9544 0.8222 0.604  0.0012 0.957 ]	0.13893406	[-0.76044124 -0.1651758 ]
13	3	-0.9062829	-0.064622656	11.271706	14.106564	-0.005886597938144167	0.6483268041237114	-0.005886597938144167	2.594682474226804	0.648670618556701	[0.9916 0.9898 0.979  0.9528 0.8284 0.5738 0.0018 0.958 ]	0.13779175	[-0.76282597 -0.16699173]
13	4	-0.7987194	-0.61736834	10.472986	13.489195	0.0018618556701029965	0.6501886597938143	0.0018618556701029965	3.2448711340206184	0.6489742268041236	[0.9952 0.9896 0.9812 0.9476 0.8138 0.5992 0.0022 0.946 ]	0.13941243	[-0.76016176 -0.16485435]
13	5	-0.35271543	-0.17684829	10.120271	13.312346	0.010475257731958787	0.6606639175257731	0.010475257731958787	3.9055350515463916	0.6509225085910653	[0.985  0.9902 0.9846 0.957  0.8418 0.6186 0.0028 0.9736]	0.13655432	[-0.76102036 -0.1657385 ]
13	6	-1.0762702	-0.27361155	9.044001	13.038734	0.013963917525773084	0.6746278350515462	0.013963917525773084	4.580162886597938	0.6543089837997054	[0.985  0.9928 0.9922 0.9696 0.873  0.657  0.0034 0.984 ]	0.13645396	[-0.7639733  -0.17083117]
13	7	-0.52623326	0.06926887	8.517767	13.108004	-0.013393814432989704	0.6612340206185565	-0.013393814432989704	5.241396907216494	0.6551746134020617	[0.993  0.9888 0.9814 0.9532 0.8538 0.621  0.0016 0.9702]	0.13439442	[-0.7674424  -0.17498481]
13	8	-1.3227857	-0.8446116	7.194981	12.263392	0.005318556701030985	0.6665525773195875	0.005318556701030985	5.907949484536081	0.6564388316151201	[0.996  0.9906 0.9856 0.9568 0.8526 0.6442 0.003  0.967 ]	0.1366726	[-0.76387066 -0.17095488]
13	9	-0.42529455	-0.20081335	6.7696867	12.062579	0.004688659793814387	0.6712412371134019	0.004688659793814387	6.579190721649483	0.6579190721649483	[0.995  0.9908 0.9804 0.9546 0.8642 0.6734 0.0036 0.9552]	0.13477485	[-0.7657001  -0.17236328]
13	10	-0.58841985	-0.9151634	6.181267	11.147416	0.006309278350515535	0.6775505154639174	0.006309278350515535	7.256741237113401	0.659703748828491	[0.9968 0.9934 0.9908 0.9608 0.8686 0.6864 0.0022 0.971 ]	0.13222928	[-0.7659274  -0.17451966]
13	11	-0.8905973	-0.34178984	5.2906694	10.805626	0.00850309278350514	0.6860536082474226	0.00850309278350514	7.942794845360823	0.6618995704467353	[9.972e-01 9.950e-01 9.872e-01 9.722e-01 8.904e-01 7.150e-01 6.000e-04 9.742e-01]	0.13230725	[-0.76880574 -0.17616162]
13	12	-0.124717295	-0.2495664	5.165952	10.55606	0.014105154639175166	0.7001587628865977	0.014105154639175166	8.64295360824742	0.6648425852498016	[0.985  0.9932 0.9916 0.9768 0.9114 0.769  0.0018 0.9882]	0.1322911	[-0.770634   -0.17865302]
13	13	-0.0997659	0.09990814	5.0661864	10.655968	-0.00032680412371133283	0.6998319587628864	-0.00032680412371133283	9.342785567010306	0.6673418262150219	[0.987  0.994  0.9944 0.974  0.9082 0.7654 0.003  0.99  ]	0.12900935	[-0.7738436  -0.18506327]
13	14	-0.98091656	0.11873323	4.08527	10.774701	0.009236082474226914	0.7090680412371133	0.009236082474226914	10.05185360824742	0.6701235738831613	[0.9974 0.9942 0.9948 0.9838 0.9194 0.7972 0.0042 0.9926]	0.12843035	[-0.77409244 -0.18493113]
14	0	-0.2536276	-0.2465821	14.746372	14.753418	0.0018835051546390869	0.637803092783505	0.0018835051546390869	0.637803092783505	0.637803092783505	[0.991  0.986  0.9772 0.9372 0.7922 0.5628 0.0026 0.9328]	0.14670752	[-0.7545049 -0.2527931]
14	1	-1.3066862	0.28174952	13.439686	15.035168	0.012094845360824835	0.6498979381443298	0.012094845360824835	1.2877010309278347	0.6438505154639174	[0.988  0.9902 0.9842 0.951  0.81   0.5936 0.0026 0.9524]	0.14757071	[-0.7563478  -0.25549665]
14	2	-0.82045853	-0.20436521	12.619227	14.830803	-0.0014185567010309708	0.6484793814432989	-0.0014185567010309708	1.9361804123711335	0.6453934707903778	[0.9898 0.988  0.9856 0.9468 0.8164 0.5808 0.0028 0.9586]	0.14735354	[-0.7606086  -0.26063812]
14	3	-1.4196072	0.010275692	11.19962	14.841079	0.004832989690721767	0.6533123711340206	0.004832989690721767	2.589492783505154	0.6473731958762885	[0.988  0.9866 0.9806 0.9534 0.8264 0.602  0.003  0.9576]	0.1478984	[-0.7601422  -0.26026067]
14	4	-0.8467742	-0.21805276	10.352846	14.623026	0.0105463917525771	0.6638587628865977	0.0105463917525771	3.2533515463917517	0.6506703092783503	[0.9932 0.9902 0.9822 0.959  0.8546 0.6286 0.0022 0.9716]	0.14706747	[-0.7609964  -0.26222408]
14	5	-1.7159467	0.56782997	8.6369	15.190856	0.002458762886597965	0.6663175257731957	0.002458762886597965	3.9196690721649476	0.6532781786941579	[0.9918 0.9904 0.9848 0.9566 0.847  0.6428 0.0026 0.9766]	0.14716202	[-0.7642503  -0.26666462]
14	6	-0.16344517	0.02739507	8.473454	15.218251	0.008311340206185625	0.6746288659793813	0.008311340206185625	4.594297938144329	0.6563282768777613	[0.9938 0.9916 0.989  0.9726 0.8704 0.6608 0.0022 0.9798]	0.14602615	[-0.7656213  -0.26830077]
14	7	-0.68486834	-0.30713016	7.788586	14.911121	-0.0013907216494843944	0.6732381443298969	-0.0013907216494843944	5.267536082474226	0.6584420103092783	[0.9792 0.9932 0.9866 0.9674 0.8662 0.6642 0.003  0.976 ]	0.14571162	[-0.76730096 -0.26965544]
14	8	-0.6261944	-0.45803034	7.1623917	14.453091	0.0055752577319587715	0.6788134020618557	0.0055752577319587715	5.946349484536082	0.6607054982817869	[0.9896 0.9878 0.9868 0.966  0.868  0.6916 0.0028 0.9806]	0.14419432	[-0.7661165  -0.27076012]
14	9	-0.78222674	-0.13818635	6.380165	14.314904	0.003603092783505013	0.6824164948453607	0.003603092783505013	6.628765979381443	0.6628765979381444	[0.9922 0.9926 0.99   0.971  0.8794 0.694  0.0032 0.9844]	0.1426647	[-0.7683315  -0.27253732]
14	10	-1.6371877	0.30123582	4.742977	14.61614	0.012646391752577313	0.695062886597938	0.012646391752577313	7.323828865979381	0.6658026241799437	[0.9942 0.9938 0.9914 0.9802 0.9132 0.7288 0.004  0.9954]	0.14327429	[-0.7694583  -0.27345535]
14	11	-0.873001	-0.5315843	3.869976	14.084556	0.011349484536082532	0.7064123711340206	0.011349484536082532	8.030241237113401	0.6691867697594501	[0.9936 0.9904 0.9936 0.983  0.931  0.7794 0.0028 0.998 ]	0.14191523	[-0.77242804 -0.27747476]
14	12	-1.1340542	0.73674285	2.7359219	14.821299	-0.007925773195876284	0.6984865979381443	-0.007925773195876284	8.728727835051545	0.6714406026962727	[0.9938 0.9932 0.996  0.9842 0.9124 0.746  0.0018 0.9958]	0.1386686	[-0.77503914 -0.28146958]
14	13	-0.19476134	-0.8541378	2.5411606	13.967161	0.003601030927835036	0.7020876288659793	0.003601030927835036	9.430815463917524	0.6736296759941088	[0.9896 0.9948 0.9942 0.9826 0.9176 0.7648 0.0018 0.9956]	0.1408608	[-0.77361226 -0.27829576]
14	14	-0.94023025	-1.412399	1.6009303	12.554762	-0.004821649484536117	0.6972659793814432	-0.004821649484536117	10.128081443298967	0.6752054295532645	[0.9906 0.9926 0.9916 0.9792 0.9112 0.747  0.0018 0.995 ]	0.13959385	[-0.7743866  -0.28029522]
15	0	-1.2373936	-0.13285486	13.762607	14.867146	0.02461752577319576	0.6570701030927834	0.02461752577319576	0.6570701030927834	0.6570701030927834	[0.9976 0.9934 0.9894 0.9628 0.838  0.6038 0.003  0.9498]	0.15590824	[-0.76238567 -0.19072881]
15	1	-1.1437562	0.44717216	12.618851	15.314318	-0.006502061855670038	0.6505680412371133	-0.006502061855670038	1.3076381443298968	0.6538190721649484	[0.9944 0.991  0.9866 0.9584 0.8222 0.586  0.002  0.9482]	0.1552735	[-0.771275   -0.19876187]
15	2	-0.63974047	0.684073	11.979111	15.99839	0.005605154639175214	0.6561731958762885	0.005605154639175214	1.9638113402061852	0.6546037800687284	[0.9918 0.9878 0.9824 0.9608 0.8264 0.603  0.003  0.9706]	0.1563805	[-0.7695917  -0.19666187]
15	3	-1.6194415	0.0945553	10.359669	16.092945	0.013575257731958779	0.6697484536082473	0.013575257731958779	2.6335597938144324	0.6583899484536081	[0.9916 0.9922 0.9848 0.9702 0.849  0.6504 0.0034 0.977 ]	0.15673286	[-0.7720252  -0.20033844]
15	4	-0.94113225	-0.6762643	9.418536	15.416681	-0.006118556701030897	0.6636298969072164	-0.006118556701030897	3.2971896907216487	0.6594379381443297	[0.9822 0.9888 0.9858 0.9654 0.8444 0.6314 0.0024 0.971 ]	0.15434411	[-0.775692   -0.20557576]
15	5	-1.1221627	-0.02101241	8.296373	15.395669	0.005872164948453551	0.66950206185567	0.005872164948453551	3.9666917525773187	0.6611152920962198	[0.9938 0.9886 0.9864 0.9638 0.8538 0.6504 0.003  0.978 ]	0.15390286	[-0.77302694 -0.2038569 ]
15	6	-1.1078547	-0.26990008	7.1885185	15.125769	0.0017123711340206738	0.6712144329896906	0.0017123711340206738	4.637906185567009	0.6625580265095727	[0.9942 0.9886 0.9832 0.9612 0.8528 0.669  0.0014 0.9718]	0.15345192	[-0.77537775 -0.20575774]
15	7	-0.44081187	-0.76316977	6.7477064	14.362598	0.012597938144329968	0.6838123711340206	0.012597938144329968	5.32171855670103	0.6652148195876287	[0.9938 0.9908 0.9892 0.9738 0.8782 0.703  0.0026 0.9834]	0.15228435	[-0.77577263 -0.20689267]
15	8	-0.9284176	-0.7357072	5.8192887	13.626891	0.006955670103092726	0.6907680412371133	0.006955670103092726	6.012486597938143	0.6680540664375715	[0.983  0.9946 0.9926 0.9788 0.893  0.7302 0.002  0.9818]	0.15048307	[-0.77892196 -0.21054536]
15	9	-0.5776997	-0.34185612	5.241589	13.285035	0.00040309278350525446	0.6911711340206186	0.00040309278350525446	6.703657731958762	0.6703657731958762	[0.9884 0.9916 0.9892 0.9714 0.897  0.7356 0.0038 0.979 ]	0.1479393	[-0.7798444  -0.21342969]
15	10	-0.46767136	-0.5064954	4.7739177	12.77854	0.008137113402061802	0.6993082474226804	0.008137113402061802	7.402965979381442	0.6729969072164947	[0.991  0.9904 0.9924 0.977  0.9    0.7704 0.0012 0.989 ]	0.14680502	[-0.7796771  -0.21396954]
15	11	-0.3625122	-0.79359674	4.4114056	11.984943	0.00612783505154646	0.7054360824742268	0.00612783505154646	8.108402061855669	0.6757001718213057	[0.9954 0.9938 0.9948 0.9842 0.9228 0.7794 0.002  0.9922]	0.14585611	[-0.7827561  -0.21666901]
15	12	-0.5211026	-0.6816435	3.890303	11.3033	0.0010030927835049663	0.7064391752577318	0.0010030927835049663	8.8148412371134	0.6780647105471846	[0.9946 0.9926 0.9932 0.9788 0.9252 0.7888 0.0014 0.9926]	0.145794	[-0.78395927 -0.21807083]
15	13	-0.5657975	-0.2448007	3.3245053	11.058499	0.0014082474226804198	0.7078474226804122	0.0014082474226804198	9.522688659793813	0.6801920471281295	[0.9968 0.9946 0.995  0.9792 0.9256 0.792  0.0018 0.9938]	0.14527193	[-0.7841023  -0.21929254]
15	14	-0.98748213	-0.30886063	2.3370233	10.749639	0.01444432989690736	0.7222917525773196	0.01444432989690736	10.244980412371133	0.6829986941580756	[9.976e-01 9.952e-01 9.960e-01 9.884e-01 9.524e-01 8.484e-01 8.000e-04 9.966e-01]	0.14530423	[-0.7847858  -0.21966127]
16	0	-1.0637782	-0.21227707	13.936222	14.787723	0.012916494845360726	0.6503886597938143	0.012916494845360726	0.6503886597938143	0.6503886597938143	[0.9844 0.992  0.9878 0.9598 0.824  0.5844 0.0016 0.9498]	0.16653019	[-0.82155335 -0.15560609]
16	1	-1.0025281	-0.043911666	12.933694	14.743811	0.0023948453608247933	0.6527835051546391	0.0023948453608247933	1.3031721649484536	0.6515860824742268	[0.9936 0.9886 0.9872 0.9598 0.8366 0.597  0.0014 0.9382]	0.16607302	[-0.82533556 -0.16105482]
16	2	-1.2908669	-0.70401824	11.642827	14.039792	-0.003929896907216457	0.6488536082474227	-0.003929896907216457	1.9520257731958761	0.6506752577319587	[0.9932 0.9892 0.9802 0.9496 0.8282 0.597  0.0018 0.925 ]	0.16437575	[-0.8251832  -0.16112985]
16	3	-0.9583262	0.21941455	10.684501	14.259207	0.01118453608247405	0.6600381443298967	0.01118453608247405	2.6120639175257727	0.6530159793814432	[0.9972 0.9892 0.9888 0.966  0.8466 0.6194 0.003  0.944 ]	0.163613	[-0.82379377 -0.16084109]
16	4	-0.94168574	-0.7299187	9.742815	13.529288	-0.0008896907216493499	0.6591484536082474	-0.0008896907216493499	3.27121237113402	0.654242474226804	[0.9938 0.9908 0.9868 0.954  0.8336 0.6268 0.0026 0.9498]	0.16319533	[-0.8271364  -0.16366829]
16	5	-0.66385585	-0.5132822	9.078959	13.016006	-0.0002721649484535016	0.6588762886597939	-0.0002721649484535016	3.930088659793814	0.6550147766323023	[0.9806 0.9918 0.9862 0.9684 0.8476 0.6148 0.0014 0.9494]	0.16271415	[-0.82769644 -0.16571283]
16	6	-1.0030372	0.27251765	8.075922	13.288524	0.019603092783505027	0.6784793814432989	0.019603092783505027	4.608568041237112	0.6583668630338732	[0.9954 0.9922 0.9904 0.9706 0.8796 0.6818 0.0024 0.9694]	0.16387413	[-0.8263861  -0.16482624]
16	7	-0.5574821	-0.39552024	7.51844	12.893003	-0.00795360824742275	0.6705257731958761	-0.00795360824742275	5.279093814432988	0.6598867268041235	[0.9944 0.9912 0.9874 0.9682 0.8676 0.6718 0.001  0.9342]	0.16034782	[-0.8319546  -0.17345552]
16	8	-0.20526749	-0.1738019	7.3131723	12.719202	0.00492886597938158	0.6754546391752577	0.00492886597938158	5.954548453608246	0.6616164948453607	[0.9894 0.9918 0.9906 0.9678 0.8758 0.6794 0.002  0.9558]	0.15889454	[-0.8286718  -0.16930494]
16	9	-0.60713106	-0.24483752	6.7060413	12.474364	-0.0019680412371134715	0.6734865979381442	-0.0019680412371134715	6.62803505154639	0.662803505154639	[0.9818 0.9938 0.991  0.9716 0.8652 0.6772 0.002  0.9492]	0.15888135	[-0.8303931  -0.17249893]
16	10	-0.36736	-0.22037353	6.338681	12.253991	0.0031453608247423714	0.6766319587628866	0.0031453608247423714	7.304667010309276	0.6640606373008433	[0.9962 0.9946 0.9894 0.9724 0.8822 0.6924 0.0018 0.9296]	0.15862134	[-0.8297314  -0.17158142]
16	11	-1.2740571	-0.16103145	5.064624	12.092959	0.006545360824742219	0.6831773195876288	0.006545360824742219	7.987844329896905	0.6656536941580754	[0.9948 0.9894 0.9866 0.9654 0.8848 0.722  0.0018 0.9518]	0.15717992	[-0.82970065 -0.17118457]
16	12	-0.6367083	-1.213735	4.4279156	10.879225	0.014065979381443272	0.6972432989690721	0.014065979381443272	8.685087628865977	0.6680836637589214	[9.842e-01 9.964e-01 9.940e-01 9.786e-01 9.136e-01 7.664e-01 8.000e-04 9.592e-01]	0.15563613	[-0.8319146  -0.17602299]
16	13	-0.23045194	-0.068696104	4.1974635	10.810529	0.008852577319587662	0.7060958762886598	0.008852577319587662	9.391183505154636	0.6707988217967598	[0.998  0.9952 0.994  0.9844 0.9228 0.798  0.0012 0.9662]	0.15266398	[-0.83451086 -0.18175103]
16	14	-1.2986768	-0.21649559	2.8987865	10.594033	0.011452577319587487	0.7175484536082473	0.011452577319587487	10.108731958762883	0.6739154639175255	[0.996  0.9942 0.995  0.9858 0.9436 0.8342 0.001  0.9902]	0.15258753	[-0.83718014 -0.18407674]
17	0	-0.34671506	-0.14336234	14.653285	14.856638	0.011596907216494867	0.6438979381443298	0.011596907216494867	0.6438979381443298	0.6438979381443298	[0.9872 0.9922 0.9824 0.9566 0.8094 0.5784 0.002  0.9198]	0.1720181	[-0.83645654 -0.16893634]
17	1	-1.1299654	-0.22581968	13.523319	14.630818	0.0019268041237113787	0.6458247422680412	0.0019268041237113787	1.2897226804123711	0.6448613402061856	[9.982e-01 9.888e-01 9.870e-01 9.592e-01 8.134e-01 5.822e-01 4.000e-04 9.220e-01]	0.17462073	[-0.840957  -0.1765508]
17	2	-0.6304918	-0.00852786	12.892827	14.622291	0.002654639175257878	0.6484793814432991	0.002654639175257878	1.9382020618556703	0.6460673539518901	[0.9886 0.9902 0.985  0.9532 0.8186 0.5896 0.001  0.9384]	0.17479326	[-0.84186435 -0.1758499 ]
17	3	-0.24394888	0.3303847	12.648878	14.952675	0.0031515463917524134	0.6516309278350515	0.0031515463917524134	2.5898329896907217	0.6474582474226804	[9.948e-01 9.894e-01 9.824e-01 9.564e-01 8.248e-01 6.024e-01 6.000e-04 9.378e-01]	0.17449781	[-0.8426782  -0.17994395]
17	4	-0.646775	-0.27523258	12.002103	14.677443	0.009161855670103192	0.6607927835051547	0.009161855670103192	3.2506257731958765	0.6501251546391753	[0.9938 0.991  0.9852 0.9634 0.8486 0.6148 0.002  0.965 ]	0.17435636	[-0.84347117 -0.18102074]
17	5	-0.495231	0.040062353	11.506872	14.7175045	-0.007165979381443477	0.6536268041237112	-0.007165979381443477	3.9042525773195877	0.650708762886598	[0.9958 0.9872 0.9814 0.959  0.822  0.6022 0.0012 0.958 ]	0.17508006	[-0.8460267  -0.18578151]
17	6	-0.42595968	-0.41357383	11.080913	14.30393	0.004878350515464036	0.6585051546391752	0.004878350515464036	4.562757731958763	0.6518225331369661	[0.9912 0.992  0.984  0.9552 0.8322 0.617  0.0018 0.9654]	0.17597035	[-0.8448685 -0.1823121]
17	7	-0.58254623	-0.045970127	10.498366	14.25796	0.0006391752577318277	0.6591443298969071	0.0006391752577318277	5.221902061855671	0.6527377577319589	[0.9946 0.9914 0.9844 0.9554 0.8262 0.6298 0.0012 0.9548]	0.17473085	[-0.8460326 -0.1861447]
17	8	-0.46628764	-0.7979417	10.032079	13.460018	0.005156701030927913	0.664301030927835	0.005156701030927913	5.886203092783505	0.654022565864834	[0.9954 0.9886 0.9848 0.9612 0.8586 0.625  0.002  0.9744]	0.17326058	[-0.84610724 -0.18592769]
17	9	-1.0782086	0.06609826	8.95387	13.526116	0.0038309278350513454	0.6681319587628863	0.0038309278350513454	6.554335051546392	0.6554335051546392	[0.9828 0.9894 0.9872 0.9626 0.8668 0.6476 0.0014 0.9662]	0.17451636	[-0.8468741 -0.1882248]
17	10	-0.81344974	-0.9300198	8.14042	12.596097	0.005916494845361053	0.6740484536082474	0.005916494845361053	7.228383505154639	0.6571257731958763	[0.9926 0.99   0.9866 0.9678 0.865  0.674  0.0018 0.9668]	0.17095785	[-0.84658426 -0.19103014]
17	11	-0.86430097	-0.2920336	7.276119	12.304064	-0.0070360824742268235	0.6670123711340206	-0.0070360824742268235	7.89539587628866	0.6579496563573883	[0.9954 0.9922 0.9864 0.958  0.8584 0.6594 0.001  0.941 ]	0.17015164	[-0.8485896  -0.19295529]
17	12	-1.085985	0.93211067	6.190134	13.236175	0.015855670103092745	0.6828680412371133	0.015855670103092745	8.578263917525774	0.6598664551942903	[9.948e-01 9.908e-01 9.878e-01 9.710e-01 8.902e-01 7.044e-01 8.000e-04 9.684e-01]	0.16941194	[-0.84631574 -0.18942717]
17	13	-1.3068438	-0.7847307	4.8832903	12.451444	0.016989690721649575	0.6998577319587629	0.016989690721649575	9.278121649484538	0.6627229749631812	[0.9942 0.9912 0.99   0.9778 0.9092 0.7674 0.0016 0.9888]	0.16799454	[-0.8500713  -0.19762594]
17	14	-0.87006575	-0.495385	4.0132246	11.9560585	0.008636082474226758	0.7084938144329896	0.008636082474226758	9.986615463917527	0.6657743642611684	[0.9872 0.9928 0.9962 0.9872 0.9274 0.7926 0.0016 0.995 ]	0.16427204	[-0.854067   -0.20625134]
18	0	-1.8354759	-0.30723992	13.164524	14.69276	0.018022680412371206	0.6556556701030928	0.018022680412371206	0.6556556701030928	0.6556556701030928	[0.9878 0.9858 0.9836 0.95   0.844  0.613  0.0016 0.948 ]	0.18219301	[-0.82611287 -0.21826652]
18	1	-0.086520374	-0.56191707	13.078004	14.130843	-0.0020092783505154532	0.6536463917525773	-0.0020092783505154532	1.30930206185567	0.654651030927835	[9.930e-01 9.890e-01 9.862e-01 9.592e-01 8.284e-01 6.040e-01 6.000e-04 9.452e-01]	0.18074343	[-0.83102834 -0.22919013]
18	2	-0.7640778	-0.12263424	12.313926	14.008209	-0.011247422680412456	0.6423989690721649	-0.011247422680412456	1.9517010309278349	0.6505670103092783	[9.924e-01 9.888e-01 9.782e-01 9.522e-01 8.060e-01 5.820e-01 2.000e-04 9.160e-01]	0.18295354	[-0.8314967  -0.22594902]
18	3	-1.4745989	-0.05387096	10.839327	13.954338	0.012611340206185484	0.6550103092783504	0.012611340206185484	2.6067113402061852	0.6516778350515463	[0.9932 0.988  0.9862 0.9648 0.84   0.6042 0.002  0.9388]	0.18329017	[-0.8279265  -0.21983531]
18	4	-0.9550138	0.52118605	9.884313	14.475524	0.011898969072165033	0.6669092783505154	0.011898969072165033	3.2736206185567007	0.6547241237113401	[9.926e-01 9.928e-01 9.900e-01 9.734e-01 8.552e-01 6.396e-01 6.000e-04 9.606e-01]	0.18223861	[-0.8309785  -0.22559734]
18	5	-1.4792614	0.3806945	8.405051	14.856218	0.004858762886597923	0.6717680412371133	0.004858762886597923	3.945388659793814	0.6575647766323024	[0.9932 0.992  0.991  0.9706 0.8598 0.6632 0.0016 0.9606]	0.18192583	[-0.8347376  -0.23244113]
18	6	-0.7810074	-0.73679906	7.624044	14.119419	0.0011762886597939115	0.6729443298969072	0.0011762886597939115	4.618332989690721	0.659761855670103	[0.9834 0.9898 0.9874 0.9704 0.8786 0.6676 0.0016 0.9564]	0.17932628	[-0.83574885 -0.23573281]
18	7	-1.213575	-0.2352682	6.410469	13.8841505	0.011806185567010297	0.6847505154639175	0.011806185567010297	5.303083505154639	0.6628854381443299	[0.995  0.9916 0.991  0.9744 0.8812 0.7092 0.0016 0.9772]	0.17767027	[-0.834484  -0.2376946]
18	8	-0.26277637	0.23459707	6.1476927	14.118748	-0.007369072164948531	0.677381443298969	-0.007369072164948531	5.980464948453608	0.6644961053837342	[0.9952 0.9896 0.9876 0.9706 0.8782 0.6898 0.0012 0.9548]	0.17693469	[-0.83903426 -0.2439826 ]
18	9	-1.1648587	-0.5162339	4.982834	13.602514	0.01673092783505148	0.6941123711340205	0.01673092783505148	6.674577319587629	0.6674577319587629	[0.9906 0.9908 0.9944 0.9768 0.905  0.7438 0.0026 0.9768]	0.17676029	[-0.83618677 -0.23944381]
18	10	-1.1440376	0.19316718	3.8387961	13.795681	0.006822680412371218	0.7009350515463917	0.006822680412371218	7.37551237113402	0.6705011246485473	[9.948e-01 9.938e-01 9.926e-01 9.854e-01 9.152e-01 7.618e-01 6.000e-04 9.924e-01]	0.17278439	[-0.8401316  -0.24953163]
18	11	-0.93706256	-0.50389385	2.9017336	13.291787	0.005863917525773088	0.7067989690721648	0.005863917525773088	8.082311340206186	0.6735259450171821	[9.938e-01 9.960e-01 9.962e-01 9.860e-01 9.190e-01 7.846e-01 8.000e-04 9.978e-01]	0.17444903	[-0.84250283 -0.2529354 ]
18	12	-0.54056585	-0.16883755	2.361168	13.12295	0.00304845360824757	0.7098474226804123	0.00304845360824757	8.792158762886597	0.6763199048374305	[0.9966 0.9934 0.9954 0.9842 0.9296 0.7986 0.002  0.9928]	0.17275369	[-0.84402394 -0.2561417 ]
18	13	-0.6295969	-0.35504556	1.731571	12.767904	-0.012367010309278448	0.6974804123711339	-0.012367010309278448	9.48963917525773	0.6778313696612664	[0.9966 0.9922 0.992  0.9768 0.9008 0.7524 0.0012 0.9984]	0.17089863	[-0.84400195 -0.25750503]
18	14	-0.5184716	-0.13032609	1.2130994	12.637578	0.009805154639175195	0.7072855670103091	0.009805154639175195	10.19692474226804	0.6797949828178693	[9.830e-01 9.938e-01 9.926e-01 9.826e-01 9.226e-01 7.938e-01 8.000e-04 9.970e-01]	0.17513874	[-0.842504   -0.25220242]
19	0	-0.9599284	-0.014796548	14.0400715	14.985204	0.005522680412371139	0.6419958762886597	0.005522680412371139	0.6419958762886597	0.6419958762886597	[0.9934 0.9876 0.9778 0.9474 0.8022 0.5698 0.002  0.9384]	0.19601132	[-0.84162045 -0.12239568]
19	1	-1.1297736	-0.22606806	12.910297	14.759135	0.011951546391752554	0.6539474226804123	0.011951546391752554	1.295943298969072	0.647971649484536	[0.995  0.9908 0.9848 0.9566 0.8354 0.5964 0.0018 0.9528]	0.19510622	[-0.8431398  -0.12637648]
19	2	-0.16558337	-0.05720245	12.744714	14.701933	0.0014762886597937674	0.655423711340206	0.0014762886597937674	1.9513670103092782	0.6504556701030927	[0.995  0.9902 0.9882 0.9618 0.8236 0.6032 0.0018 0.9584]	0.19393528	[-0.8459148  -0.13172098]
19	3	-0.57634926	-0.8313395	12.168365	13.870593	-0.0010195876288658923	0.6544041237113402	-0.0010195876288658923	2.6057711340206184	0.6514427835051546	[0.9916 0.9916 0.9828 0.9518 0.8328 0.6014 0.0012 0.9596]	0.19389392	[-0.84690386 -0.13151738]
19	4	-0.8483151	-0.57249826	11.320049	13.298095	-0.0005690721649483921	0.6538350515463918	-0.0005690721649483921	3.2596061855670104	0.6519212371134021	[0.9966 0.9926 0.9842 0.946  0.8234 0.615  0.0022 0.9386]	0.19392903	[-0.8463334  -0.13369259]
19	5	-1.2171756	-0.35372034	10.102874	12.944374	-0.0016659793814433055	0.6521690721649485	-0.0016659793814433055	3.911775257731959	0.6519625429553265	[9.902e-01 9.926e-01 9.840e-01 9.516e-01 8.356e-01 5.960e-01 8.000e-04 9.452e-01]	0.19101577	[-0.8457633  -0.13299797]
19	6	-0.85198855	-0.21223518	9.250885	12.732139	0.01704639175257716	0.6692154639175256	0.01704639175257716	4.580990721649485	0.6544272459499264	[9.928e-01 9.924e-01 9.858e-01 9.608e-01 8.576e-01 6.646e-01 8.000e-04 9.526e-01]	0.19315375	[-0.84503204 -0.13202207]
19	7	-1.1987123	0.102182925	8.052173	12.834322	0.005959793814433012	0.6751752577319586	0.005959793814433012	5.256165979381444	0.6570207474226805	[0.9912 0.9926 0.9886 0.9678 0.8746 0.6742 0.001  0.9658]	0.18829626	[-0.8488998  -0.14129685]
19	8	-1.0317153	0.3964854	7.0204573	13.230807	0.008851546391752563	0.6840268041237112	0.008851546391752563	5.940192783505155	0.6600214203894617	[0.9964 0.9932 0.9878 0.9702 0.871  0.7138 0.0016 0.9772]	0.18829463	[-0.85024273 -0.1440078 ]
19	9	-0.36685362	-0.56514627	6.6536036	12.665661	0.0014701030927836145	0.6854969072164948	0.0014701030927836145	6.625689690721649	0.6625689690721649	[0.9852 0.993  0.9922 0.9748 0.885  0.7108 0.0022 0.9782]	0.18659462	[-0.8532125  -0.14912342]
19	10	-1.1229318	-0.6453992	5.5306716	12.020262	0.009841237113402013	0.6953381443298968	0.009841237113402013	7.321027835051546	0.665547985004686	[0.9898 0.9942 0.9942 0.984  0.9056 0.7406 0.0014 0.9862]	0.1854196	[-0.8525557 -0.1498704]
19	11	-1.2918743	-0.41733837	4.238797	11.602923	0.003523711340206237	0.6988618556701031	0.003523711340206237	8.01988969072165	0.6683241408934708	[0.996  0.9936 0.9914 0.9718 0.9094 0.7632 0.0018 0.9874]	0.18439662	[-0.85482526 -0.15420721]
19	12	-0.49636772	-0.307311	3.7424295	11.295612	0.008674226804123664	0.7075360824742267	0.008674226804123664	8.727425773195876	0.6713404440919905	[0.9956 0.9928 0.992  0.9822 0.9252 0.795  0.002  0.988 ]	0.18229224	[-0.8557862  -0.15813018]
19	13	-0.5086137	0.29326707	3.2338157	11.58888	0.004090721649484541	0.7116268041237113	0.004090721649484541	9.439052577319586	0.6742180412371133	[0.9946 0.9912 0.9938 0.9828 0.9314 0.8106 0.0014 0.9942]	0.1799729	[-0.8571083  -0.16162953]
19	14	-0.83705765	-0.4639088	2.396758	11.12497	0.003501030927835047	0.7151278350515463	0.003501030927835047	10.154180412371133	0.6769453608247422	[0.9954 0.993  0.9944 0.9832 0.934  0.8282 0.0016 0.9904]	0.17939962	[-0.8579355  -0.16384609]
