timestep_reward_type: delta_gamma
timestep_factor: 1
episode_reward_type: gamma_global
episode_factor: 0
tp/toff_init: [15, 15]
std: 0.4
num_episodes: 20
num_timesteps: 15
model_reload: no

episode	timestep	dt_p	dt_off	t_p	t_off	reward	gamma_global	delta_gamma	sum_of_gamma	sum_of_gamma_norm	gamma_local	critic_value	mu
0	0	-0.19662176	0.16282326	14.803378	15.162824	0.004447422680412427	0.7761505154639176	0.004447422680412427	0.7761505154639176	0.7761505154639176	[0.9924 0.9958 0.9936 0.9772 0.8406 0.5716 0.4922 0.9902]	0.06017895	[ 0.09440018 -0.31405234]
0	1	0.371007	0.06995067	15.174385	15.232775	-0.005624742268041327	0.7705257731958762	-0.005624742268041327	1.5466762886597938	0.7733381443298969	[0.9946 0.9904 0.9918 0.973  0.8218 0.5644 0.4884 0.9868]	0.061764523	[ 0.09369799 -0.31585485]
0	2	-0.21246278	-0.14942814	14.961923	15.083346	0.006521649484536041	0.7770474226804123	0.006521649484536041	2.323723711340206	0.7745745704467354	[0.9948 0.9944 0.9936 0.968  0.846  0.575  0.495  0.9902]	0.06062919	[ 0.09250859 -0.3143693 ]
0	3	-0.10853089	-0.13243583	14.853392	14.950911	0.00046082474226816217	0.7775082474226804	0.00046082474226816217	3.1012319587628863	0.7753079896907216	[0.9952 0.9958 0.9918 0.9838 0.8454 0.5746 0.4902 0.9916]	0.060670033	[ 0.09370688 -0.31705144]
0	4	-0.07210998	-0.63533294	14.781281	14.3155775	-0.0014010309278351674	0.7761072164948453	-0.0014010309278351674	3.8773391752577315	0.7754678350515463	[0.9944 0.9962 0.9934 0.9762 0.8486 0.5826 0.481  0.9882]	0.06259821	[ 0.09368013 -0.3155117 ]
0	5	0.28829065	-0.0023585856	15.069572	14.313219	0.0028103092783506867	0.778917525773196	0.0028103092783506867	4.6562567010309275	0.7760427835051545	[0.9942 0.9958 0.9954 0.9764 0.845  0.5774 0.4948 0.994 ]	0.06207779	[ 0.09222949 -0.31719154]
0	6	-0.19655433	-0.10971472	14.873018	14.203505	-0.004535051546391888	0.7743824742268041	-0.004535051546391888	5.430639175257731	0.7758055964653902	[0.9926 0.996  0.9924 0.9708 0.8318 0.5808 0.4856 0.9882]	0.06187293	[ 0.09367109 -0.3168596 ]
0	7	-0.35833657	-0.12774509	14.514682	14.07576	-0.013928865979381366	0.7604536082474227	-0.013928865979381366	6.1910927835051535	0.7738865979381442	[0.9918 0.9952 0.9958 0.9708 0.8088 0.5524 0.4588 0.988 ]	0.061798066	[ 0.0909209  -0.31761417]
0	8	0.28740877	-0.13209999	14.802091	13.94366	0.0014154639175255612	0.7618690721649483	0.0014154639175255612	6.952961855670102	0.772551317296678	[0.995  0.995  0.993  0.9644 0.8088 0.5608 0.4626 0.9856]	0.061734438	[ 0.08989826 -0.31414565]
0	9	0.28068966	-0.42167807	15.08278	13.521982	-0.002327835051546212	0.759541237113402	-0.002327835051546212	7.712503092783504	0.7712503092783505	[0.9956 0.9954 0.9916 0.96   0.824  0.5542 0.455  0.9828]	0.061151624	[ 0.08879092 -0.31558272]
0	10	0.5768866	-0.27208865	15.659666	13.249893	-0.008427835051546428	0.7511134020618556	-0.008427835051546428	8.46361649484536	0.7694196813495782	[0.9962 0.995  0.9894 0.9666 0.806  0.5518 0.4252 0.9888]	0.060510233	[ 0.08973365 -0.31501737]
0	11	0.10578326	0.17614841	15.76545	13.426042	0.002727835051546279	0.7538412371134019	0.002727835051546279	9.217457731958762	0.7681214776632301	[0.9956 0.9946 0.9878 0.9614 0.8034 0.5428 0.4506 0.9822]	0.063267484	[ 0.08546313 -0.31441376]
0	12	-0.07230401	-0.7227233	15.693146	12.703319	0.0033144329896908076	0.7571556701030927	0.0033144329896908076	9.974613402061854	0.767277954004758	[0.9914 0.9954 0.992  0.9676 0.8086 0.554  0.4464 0.9894]	0.06096211	[ 0.08844082 -0.31346413]
0	13	0.17814699	-0.459037	15.871293	12.244282	-0.01042680412371133	0.7467288659793814	-0.01042680412371133	10.721342268041235	0.7658101620029454	[0.9966 0.9974 0.9934 0.9692 0.804  0.5282 0.4214 0.9904]	0.062588945	[ 0.08789372 -0.3149161 ]
0	14	-0.030323915	-0.83120865	15.840969	11.413074	-0.015231958762886633	0.7314969072164947	-0.015231958762886633	11.45283917525773	0.7635226116838486	[0.9958 0.9952 0.9892 0.956  0.7852 0.4958 0.402  0.9856]	0.06323628	[ 0.08763354 -0.31171983]
1	0	0.4214704	0.0116561055	15.421471	15.011656	0.00950412371134024	0.7597597938144329	0.00950412371134024	0.7597597938144329	0.7597597938144329	[0.9956 0.9946 0.9916 0.9692 0.8308 0.5464 0.4538 0.9864]	0.036510073	[ 0.2635923  -0.32794324]
1	1	0.02781947	-0.1282958	15.44929	14.88336	-0.00819484536082471	0.7515649484536082	-0.00819484536082471	1.5113247422680411	0.7556623711340206	[0.9946 0.994  0.9922 0.9696 0.8144 0.541  0.4314 0.9858]	0.036149196	[ 0.2665122  -0.33044267]
1	2	0.977543	0.43493673	16.426834	15.318296	0.003123711340206281	0.7546886597938145	0.003123711340206281	2.266013402061856	0.7553378006872853	[0.9942 0.9944 0.9916 0.9664 0.8152 0.5462 0.4432 0.982 ]	0.037309803	[ 0.26321447 -0.32951286]
1	3	0.588464	-0.14028703	17.015299	15.178009	0.00391340206185542	0.7586020618556699	0.00391340206185542	3.0246154639175256	0.7561538659793814	[0.9878 0.9946 0.9914 0.9612 0.825  0.5606 0.4488 0.9796]	0.0362987	[ 0.26381543 -0.33030018]
1	4	0.26701304	-0.83224916	17.282312	14.34576	-0.004011340206185432	0.7545907216494845	-0.004011340206185432	3.77920618556701	0.755841237113402	[0.997  0.9938 0.9902 0.9678 0.8042 0.5484 0.4442 0.9848]	0.035873346	[ 0.2637136 -0.332648 ]
1	5	-0.07066965	-0.38331097	17.211643	13.962449	-0.015441237113402173	0.7391494845360823	-0.015441237113402173	4.518355670103093	0.7530592783505154	[0.9954 0.9934 0.9876 0.9568 0.7864 0.5272 0.4112 0.9834]	0.036985926	[ 0.26259363 -0.3305273 ]
1	6	-0.11787951	-0.38453338	17.093763	13.577916	-0.009507216494845094	0.7296422680412372	-0.009507216494845094	5.24799793814433	0.7497139911634757	[0.995  0.9936 0.9894 0.9556 0.7744 0.5048 0.3962 0.9784]	0.037693582	[ 0.25825647 -0.3288367 ]
1	7	0.9341397	-0.5556737	18.027903	13.022243	0.015278350515463668	0.7449206185567009	0.015278350515463668	5.992918556701031	0.7491148195876288	[0.9906 0.991  0.9896 0.9586 0.8052 0.5504 0.412  0.9782]	0.03711856	[ 0.25770658 -0.32551894]
1	8	0.48382512	-0.4037371	18.511728	12.6185055	-0.015635051546391665	0.7292855670103092	-0.015635051546391665	6.7222041237113395	0.7469115693012599	[0.9964 0.9934 0.9884 0.9548 0.7698 0.509  0.3942 0.978 ]	0.036978267	[ 0.25865662 -0.33073172]
1	9	0.60858977	0.016336739	19.120317	12.634842	1.4432989690726927e-05	0.7293	1.4432989690726927e-05	7.45150412371134	0.745150412371134	[0.9958 0.9944 0.9864 0.9456 0.7794 0.5232 0.386  0.973 ]	0.037488647	[ 0.25647298 -0.3258178 ]
1	10	0.68235165	0.25018993	19.80267	12.885032	-0.0184144329896907	0.7108855670103092	-0.0184144329896907	8.16238969072165	0.7420354264292409	[0.996  0.9922 0.9894 0.9472 0.7532 0.485  0.353  0.9648]	0.037120454	[ 0.25431594 -0.3279529 ]
1	11	0.49342585	-0.17990209	20.296095	12.70513	0.007841237113402011	0.7187268041237113	0.007841237113402011	8.881116494845362	0.7400930412371135	[0.9962 0.9946 0.9858 0.9444 0.7584 0.508  0.368  0.963 ]	0.03712625	[ 0.25254714 -0.32136875]
1	12	0.32196516	-0.21092375	20.61806	12.494205	-0.007447422680412319	0.7112793814432989	-0.007447422680412319	9.592395876288661	0.7378766058683586	[0.9948 0.9916 0.9814 0.9344 0.7504 0.4968 0.359  0.9584]	0.03704723	[ 0.25170785 -0.32449916]
1	13	-0.32273382	-0.013615519	20.295326	12.48059	-0.004137113402061909	0.707142268041237	-0.004137113402061909	10.299538144329897	0.7356812960235641	[0.9978 0.9938 0.9884 0.9356 0.7424 0.4758 0.3534 0.965 ]	0.036358558	[ 0.24998684 -0.3231501 ]
1	14	-0.43204626	0.021287113	19.86328	12.501877	0.019344329896907153	0.7264865979381442	0.019344329896907153	11.026024742268042	0.7350683161512028	[0.997  0.9946 0.9894 0.9538 0.7642 0.5084 0.3878 0.9714]	0.036537327	[ 0.2513794 -0.3215387]
2	0	-0.097072065	0.06595746	14.902928	15.065957	0.0012164948453606828	0.7528783505154637	0.0012164948453606828	0.7528783505154637	0.7528783505154637	[0.9952 0.9944 0.9902 0.9608 0.7976 0.5624 0.4342 0.9806]	0.041138593	[ 0.234097   -0.38907686]
2	1	-0.3044275	-0.36749604	14.598501	14.698461	-0.004143298969071951	0.7487350515463917	-0.004143298969071951	1.5016134020618555	0.7508067010309277	[0.9946 0.9924 0.9866 0.965  0.804  0.5604 0.4152 0.9838]	0.04169995	[ 0.23189741 -0.39063266]
2	2	0.15163997	0.4186225	14.750141	15.117083	0.007810309278350469	0.7565453608247422	0.007810309278350469	2.258158762886598	0.7527195876288659	[0.9932 0.9934 0.9872 0.9656 0.8142 0.5706 0.4342 0.9848]	0.04347839	[ 0.23041427 -0.3895529 ]
2	3	0.26602072	-0.85380006	15.016162	14.263283	-0.0020999999999999908	0.7544453608247422	-0.0020999999999999908	3.01260412371134	0.753151030927835	[0.995  0.9946 0.9894 0.964  0.8186 0.5716 0.4238 0.9802]	0.04252437	[ 0.23273304 -0.39145723]
2	4	0.33137226	-0.21565194	15.347534	14.047631	-0.014304123711340044	0.7401412371134022	-0.014304123711340044	3.752745360824742	0.7505490721649484	[0.9956 0.9938 0.9898 0.9578 0.7818 0.5282 0.415  0.9832]	0.04222201	[ 0.23200136 -0.39126074]
2	5	-0.1110616	0.36759046	15.236472	14.415222	0.01364948453608239	0.7537907216494846	0.01364948453608239	4.506536082474227	0.7510893470790379	[0.9948 0.9942 0.9888 0.965  0.8164 0.5582 0.431  0.9832]	0.04283387	[ 0.23098513 -0.38665858]
2	6	-0.27423203	-0.3768541	14.96224	14.038368	-0.0014484536082476351	0.7523422680412369	-0.0014484536082476351	5.258878350515464	0.7512683357879234	[0.9934 0.9926 0.9874 0.9588 0.8164 0.5536 0.4324 0.984 ]	0.041848112	[ 0.23382635 -0.38997868]
2	7	0.20318823	-0.09867406	15.165428	13.939694	-0.018913402061855544	0.7334288659793814	-0.018913402061855544	5.992307216494845	0.7490384020618557	[0.994  0.994  0.9922 0.9596 0.7884 0.5168 0.3882 0.991 ]	0.041321937	[ 0.23390257 -0.38997304]
2	8	-0.056572825	0.17371139	15.108855	14.113406	0.007004123711340182	0.7404329896907216	0.007004123711340182	6.732740206185567	0.7480822451317297	[0.9942 0.9914 0.9892 0.9622 0.8    0.53   0.4058 0.9854]	0.044882838	[ 0.23009515 -0.38545963]
2	9	-0.36710447	-0.5417731	14.741751	13.571633	0.0010030927835051884	0.7414360824742268	0.0010030927835051884	7.474176288659794	0.7474176288659794	[0.9944 0.996  0.9896 0.9514 0.7926 0.5338 0.4118 0.9872]	0.043098245	[ 0.2319014 -0.3864098]
2	10	0.43985218	-0.9049257	15.1816025	12.666708	-0.003003092783505079	0.7384329896907217	-0.003003092783505079	8.212609278350515	0.7466008434864104	[0.9954 0.9946 0.9862 0.9484 0.8062 0.543  0.392  0.982 ]	0.043139864	[ 0.23056588 -0.38869616]
2	11	0.45814764	-0.5639368	15.6397505	12.102771	-0.006420618556701063	0.7320123711340206	-0.006420618556701063	8.944621649484535	0.7453851374570446	[0.996  0.996  0.9898 0.9612 0.781  0.5238 0.3826 0.9834]	0.04330333	[ 0.22839668 -0.38864142]
2	12	0.5395384	-0.44737884	16.179289	11.655392	-0.0018845360824744084	0.7301278350515462	-0.0018845360824744084	9.67474948453608	0.7442114988104678	[0.9972 0.993  0.988  0.9492 0.778  0.5268 0.384  0.976 ]	0.04515672	[ 0.22793144 -0.3849746 ]
2	13	0.3801611	0.19122168	16.55945	11.846613	-0.015152577319587412	0.7149752577319588	-0.015152577319587412	10.38972474226804	0.7421231958762886	[0.9956 0.9944 0.9846 0.946  0.767  0.5016 0.3496 0.9724]	0.043336708	[ 0.22678426 -0.3850777 ]
2	14	-0.31432435	0.045350075	16.245127	11.891963	0.01814845360824735	0.7331237113402062	0.01814845360824735	11.122848453608245	0.7415232302405497	[0.9956 0.995  0.9906 0.9596 0.7802 0.53   0.3864 0.9772]	0.04500063	[ 0.22366521 -0.3811663 ]
3	0	0.055730358	-0.38468775	15.055731	14.615313	0.008471134020618498	0.7487546391752578	0.008471134020618498	0.7487546391752578	0.7487546391752578	[0.9942 0.9902 0.9862 0.9562 0.7988 0.5456 0.4318 0.9882]	0.019107165	[ 0.19312684 -0.44136208]
3	1	-0.37716818	-0.73097134	14.678562	13.884341	-0.0014969072164948694	0.7472577319587629	-0.0014969072164948694	1.4960123711340207	0.7480061855670104	[0.9972 0.9922 0.9898 0.9604 0.8096 0.5548 0.4106 0.985 ]	0.018830018	[ 0.19465573 -0.44378972]
3	2	0.261744	-0.9274167	14.940306	12.956924	0.0015195876288660592	0.7487773195876289	0.0015195876288660592	2.2447896907216496	0.7482632302405499	[0.9958 0.9942 0.9908 0.9562 0.8014 0.5418 0.4322 0.9826]	0.019389512	[ 0.19294156 -0.44365254]
3	3	0.23927511	-0.49303997	15.179581	12.463884	-0.011044329896907401	0.7377329896907215	-0.011044329896907401	2.9825226804123712	0.7456306701030928	[0.9942 0.9938 0.99   0.9682 0.8066 0.5222 0.3948 0.9834]	0.017738344	[ 0.19565459 -0.44355008]
3	4	-0.074640706	-0.7299588	15.10494	11.733926	-0.010787628865979393	0.7269453608247421	-0.010787628865979393	3.7094680412371135	0.7418936082474227	[0.996  0.993  0.9878 0.9392 0.7714 0.5262 0.3798 0.9736]	0.020420806	[ 0.19433825 -0.4393971 ]
3	5	0.66221243	-0.9549229	15.767153	10.779003	-0.01464020618556694	0.7123051546391752	-0.01464020618556694	4.4217731958762885	0.7369621993127148	[0.9958 0.9916 0.984  0.9368 0.7582 0.4896 0.3588 0.968 ]	0.020134883	[ 0.18696472 -0.43915257]
3	6	0.5398314	0.13370201	16.306984	10.912705	-0.0010989690721650014	0.7112061855670102	-0.0010989690721650014	5.132979381443299	0.7332827687776141	[0.9956 0.9946 0.9882 0.9354 0.7428 0.5014 0.3498 0.967 ]	0.02075279	[ 0.18638858 -0.433781  ]
3	7	1.020657	-0.6653559	17.32764	10.24735	-0.010980412371134007	0.7002257731958762	-0.010980412371134007	5.833205154639175	0.7291506443298968	[0.9954 0.9914 0.9784 0.9312 0.7352 0.4808 0.3338 0.9604]	0.021925809	[ 0.18319727 -0.43456215]
3	8	0.023283795	-0.63081896	17.350924	9.61653	-0.0033938144329895836	0.6968319587628866	-0.0033938144329895836	6.530037113402061	0.7255596792668957	[0.9942 0.9908 0.9814 0.9288 0.7318 0.4738 0.3248 0.965 ]	0.022373514	[ 0.18148114 -0.43070403]
3	9	0.12421999	-0.56058335	17.475143	9.055947	-0.00710618556701037	0.6897257731958762	-0.00710618556701037	7.2197628865979375	0.7219762886597938	[0.9962 0.994  0.9846 0.914  0.704  0.4544 0.3262 0.963 ]	0.023019211	[ 0.18105768 -0.43025514]
3	10	-0.14900325	-0.6496146	17.32614	8.406333	-0.005709278350515601	0.6840164948453606	-0.005709278350515601	7.903779381443298	0.7185253983130271	[0.9966 0.9936 0.983  0.9212 0.7124 0.4574 0.3034 0.943 ]	0.022138255	[ 0.1796823 -0.42911  ]
3	11	0.3354972	-0.27083516	17.661636	8.135498	-0.006330927835051514	0.6776855670103091	-0.006330927835051514	8.581464948453608	0.7151220790378007	[0.9976 0.9928 0.9838 0.917  0.7014 0.4482 0.292  0.9398]	0.021203877	[ 0.17851344 -0.42602032]
3	12	-0.18616027	-0.09054133	17.475475	8.044957	-0.006515463917525555	0.6711701030927836	-0.006515463917525555	9.252635051546392	0.7117411578112609	[0.9974 0.9902 0.9738 0.9062 0.6812 0.4518 0.283  0.9352]	0.021147044	[ 0.1771417  -0.42433047]
3	13	-0.25461844	-0.48814452	17.220858	7.556813	0.00020103092783496646	0.6713711340206185	0.00020103092783496646	9.924006185567011	0.7088575846833579	[0.9968 0.9934 0.9842 0.9208 0.6908 0.4304 0.2806 0.9434]	0.022323446	[ 0.17237231 -0.4235903 ]
3	14	-0.13325477	-0.313774	17.087603	7.2430387	0.009137113402061914	0.6805082474226805	0.009137113402061914	10.604514432989692	0.7069676288659795	[0.9978 0.9942 0.9858 0.9192 0.6948 0.4654 0.288  0.9462]	0.022468196	[ 0.17690304 -0.42223105]
4	0	0.3895421	-0.5280134	15.389542	14.471987	0.009793814432989656	0.7501711340206185	0.009793814432989656	0.7501711340206185	0.7501711340206185	[0.992  0.9932 0.9908 0.9602 0.8178 0.5614 0.4104 0.994 ]	-0.002886869	[ 0.18544056 -0.33603314]
4	1	-0.07678017	-0.28170663	15.312761	14.19028	-0.01220927835051544	0.7379618556701031	-0.01220927835051544	1.4881329896907216	0.7440664948453608	[0.9952 0.991  0.9844 0.9528 0.7976 0.5286 0.4028 0.9874]	-0.0016923322	[ 0.18561178 -0.34112218]
4	2	-0.46191415	-0.00016179681	14.850847	14.190118	0.007946391752577275	0.7459082474226804	0.007946391752577275	2.234041237113402	0.744680412371134	[0.9952 0.9936 0.9892 0.962  0.8082 0.5698 0.3922 0.988 ]	-0.0013146176	[ 0.18466744 -0.33668518]
4	3	0.02685301	-0.30440688	14.8777	13.885711	-0.00984639175257751	0.7360618556701028	-0.00984639175257751	2.9701030927835053	0.7425257731958763	[0.9948 0.9924 0.9888 0.9612 0.799  0.5416 0.378  0.9884]	-0.000118978205	[ 0.18150799 -0.34008887]
4	4	0.5837672	-0.5735713	15.461467	13.3121395	-0.016162886597938075	0.7198989690721648	-0.016162886597938075	3.69000206185567	0.738000412371134	[0.991  0.9894 0.9822 0.9462 0.77   0.5074 0.3636 0.9828]	0.0007485078	[ 0.18158554 -0.3365374 ]
4	5	0.5946574	-0.14824414	16.056124	13.163896	0.015791752577319684	0.7356907216494845	0.015791752577319684	4.425692783505155	0.7376154639175257	[0.9954 0.988  0.985  0.9484 0.7932 0.5598 0.3814 0.9714]	0.0018052385	[ 0.17880276 -0.33252606]
4	6	0.41419357	-0.07247931	16.470318	13.091416	-0.0026896907216494848	0.733001030927835	-0.0026896907216494848	5.15869381443299	0.7369562592047129	[0.9974 0.9956 0.9914 0.9546 0.792  0.5396 0.3744 0.9778]	-0.0018895491	[ 0.17901494 -0.33721426]
4	7	0.5087513	-0.45096186	16.979069	12.640454	-0.005826804123711393	0.7271742268041236	-0.005826804123711393	5.885868041237114	0.7357335051546392	[0.9964 0.9928 0.9864 0.9452 0.7912 0.5302 0.3656 0.9774]	-0.00049660343	[ 0.18045473 -0.33594984]
4	8	0.51197016	-0.17336082	17.49104	12.467093	-0.010345360824742134	0.7168288659793814	-0.010345360824742134	6.602696907216495	0.7336329896907217	[0.9938 0.9946 0.9874 0.9534 0.757  0.5082 0.3508 0.976 ]	-0.00024094421	[ 0.17921498 -0.33520463]
4	9	0.3656367	-0.6985589	17.856676	11.768535	-0.006249484536082428	0.710579381443299	-0.006249484536082428	7.313276288659794	0.7313276288659794	[0.9958 0.9904 0.984  0.9404 0.7514 0.4848 0.3524 0.9788]	0.002774991	[ 0.17667514 -0.33097145]
4	10	0.36307696	-0.54970783	18.219753	11.218827	0.002450515463917391	0.7130298969072164	0.002450515463917391	8.02630618556701	0.7296641986879101	[0.995  0.9908 0.9852 0.9454 0.7584 0.5074 0.342  0.9734]	0.002210416	[ 0.17737079 -0.32947087]
4	11	0.26112545	-0.38743085	18.480879	10.831396	-0.013868041237113271	0.6991618556701031	-0.013868041237113271	8.725468041237114	0.7271223367697596	[0.996  0.9932 0.983  0.9306 0.7412 0.4726 0.325  0.9728]	0.0023352131	[ 0.17532039 -0.33054146]
4	12	0.7914249	-0.34014577	19.272305	10.49125	0.0003041237113400319	0.6994659793814432	0.0003041237113400319	9.424934020618558	0.724994924662966	[0.9944 0.9914 0.9796 0.9314 0.7368 0.4928 0.3188 0.964 ]	0.0034986958	[ 0.17350812 -0.32768363]
4	13	-0.005522594	-0.35788944	19.266783	10.133361	-0.015247422680412237	0.6842185567010309	-0.015247422680412237	10.10915257731959	0.7220823269513993	[0.9962 0.9934 0.9818 0.915  0.7092 0.4614 0.3004 0.9552]	0.0035474077	[ 0.1704993  -0.32816207]
4	14	0.43067968	-0.23723072	19.697462	9.896131	0.003967010309278263	0.6881855670103092	0.003967010309278263	10.797338144329899	0.7198225429553265	[0.9956 0.9926 0.976  0.916  0.7072 0.4742 0.3106 0.9546]	0.0039432123	[ 0.16792266 -0.3245588 ]
5	0	-0.4660703	0.18936893	14.53393	15.189369	0.011644329896907113	0.749842268041237	0.011644329896907113	0.749842268041237	0.749842268041237	[0.992  0.9944 0.9892 0.9648 0.8122 0.5566 0.4168 0.9862]	-0.042990275	[ 0.08112674 -0.27158797]
5	1	0.16406813	-0.50890255	14.697998	14.680467	-0.007683505154639225	0.7421587628865978	-0.007683505154639225	1.4920010309278346	0.7460005154639173	[0.9924 0.9902 0.9864 0.9634 0.808  0.5352 0.4072 0.9852]	-0.045078866	[ 0.08494546 -0.2732644 ]
5	2	0.41330373	-0.13986592	15.111301	14.540601	0.0010742268041238345	0.7432329896907216	0.0010742268041238345	2.2352340206185564	0.7450780068728521	[0.9916 0.9916 0.9844 0.9548 0.7992 0.5508 0.4068 0.9868]	-0.044661783	[ 0.08549972 -0.27019998]
5	3	0.5305787	-0.46016675	15.64188	14.080434	-0.007398969072165085	0.7358340206185565	-0.007398969072165085	2.971068041237113	0.7427670103092783	[0.9938 0.9926 0.9872 0.962  0.7954 0.5348 0.384  0.989 ]	-0.043781854	[ 0.0822471 -0.2728747]
5	4	0.18705551	-0.0030736327	15.828936	14.07736	0.003221649484536182	0.7390556701030927	0.003221649484536182	3.7101237113402057	0.7420247422680412	[0.9954 0.9936 0.992  0.9634 0.8054 0.544  0.3842 0.9854]	-0.041514985	[ 0.08118843 -0.26979467]
5	5	0.23463288	-0.04016432	16.063568	14.037196	-0.012082474226804085	0.7269731958762886	-0.012082474226804085	4.437096907216494	0.739516151202749	[0.9964 0.9934 0.9874 0.9584 0.7978 0.5144 0.3658 0.9818]	-0.042999826	[ 0.08183898 -0.27048454]
5	6	0.22164898	-0.9994881	16.285217	13.037708	0.00868969072164949	0.7356628865979381	0.00868969072164949	5.172759793814432	0.7389656848306332	[0.9954 0.9928 0.9912 0.9564 0.7932 0.5406 0.3804 0.9882]	-0.041568227	[ 0.0811725 -0.2668731]
5	7	-0.2958848	-0.3046457	15.989332	12.733063	-0.008918556701030922	0.7267443298969072	-0.008918556701030922	5.899504123711339	0.7374380154639174	[0.9958 0.9908 0.9826 0.9506 0.7834 0.5248 0.3714 0.9778]	-0.04190459	[ 0.08001917 -0.270655  ]
5	8	0.6073251	-0.46383893	16.596657	12.269224	-0.010279381443298985	0.7164649484536082	-0.010279381443298985	6.615969072164948	0.7351076746849942	[0.996  0.993  0.9852 0.9386 0.7682 0.5152 0.3476 0.9738]	-0.041583963	[ 0.07884867 -0.2679648 ]
5	9	-0.25896108	0.106328726	16.337696	12.375553	0.011826804123711399	0.7282917525773196	0.011826804123711399	7.344260824742268	0.7344260824742268	[0.995  0.9944 0.9928 0.9594 0.7848 0.5166 0.3692 0.9886]	-0.039968528	[ 0.07504486 -0.26704434]
5	10	-0.5437506	-0.14199127	15.793945	12.2335615	0.0006567010309276311	0.7289484536082472	0.0006567010309276311	8.073209278350514	0.7339281162136831	[0.9966 0.9952 0.9908 0.9484 0.7788 0.521  0.378  0.984 ]	-0.040460758	[ 0.08041847 -0.26759738]
5	11	-0.32032824	-0.4732866	15.473618	11.760275	-0.00471752577319573	0.7242309278350515	-0.00471752577319573	8.797440206185566	0.7331200171821305	[0.995  0.9922 0.9826 0.949  0.7744 0.5274 0.3616 0.9812]	-0.041605078	[ 0.07962689 -0.26901218]
5	12	0.4020933	-0.78555375	15.8757105	10.974721	-0.00019278350515472553	0.7240381443298968	-0.00019278350515472553	9.521478350515464	0.7324214115781126	[0.9976 0.9972 0.9938 0.9542 0.7684 0.5182 0.3628 0.9766]	-0.039692767	[ 0.0762717 -0.2683944]
5	13	-0.2835518	-0.3211312	15.592158	10.65359	-0.011864948453608082	0.7121731958762887	-0.011864948453608082	10.233651546391753	0.7309751104565538	[0.9978 0.9926 0.9892 0.9428 0.7606 0.4992 0.3406 0.9762]	-0.040588714	[ 0.07776192 -0.2668044 ]
5	14	-0.27730113	-0.60858285	15.3148575	10.045008	-0.01895257731958777	0.6932206185567009	-0.01895257731958777	10.926872164948454	0.728458144329897	[0.9976 0.9916 0.9838 0.9336 0.7262 0.471  0.3178 0.9482]	-0.038789146	[ 0.07553998 -0.26458958]
6	0	0.5650786	-0.904456	15.565079	14.095544	-0.011929896907216686	0.7287051546391751	-0.011929896907216686	0.7287051546391751	0.7287051546391751	[0.9928 0.9892 0.981  0.9442 0.7824 0.5458 0.3724 0.9692]	-0.07268565	[ 0.06243645 -0.21881515]
6	1	-0.007962346	-0.018308267	15.5571165	14.077235	0.012062886597938305	0.7407680412371134	0.012062886597938305	1.4694731958762883	0.7347365979381442	[0.9932 0.992  0.9854 0.9578 0.7996 0.5396 0.403  0.9864]	-0.07047295	[ 0.05677477 -0.21806923]
6	2	0.49215156	-0.84278464	16.049269	13.23445	-0.004643298969072118	0.7361247422680413	-0.004643298969072118	2.2055979381443294	0.7351993127147765	[0.9912 0.9948 0.989  0.962  0.7984 0.5282 0.3906 0.9828]	-0.07215164	[ 0.06287486 -0.21893914]
6	3	-0.14809123	-0.13562265	15.901177	13.098827	-0.0012000000000000899	0.7349247422680412	-0.0012000000000000899	2.9405226804123705	0.7351306701030926	[0.9944 0.9958 0.9884 0.9566 0.782  0.537  0.3876 0.9822]	-0.071344964	[ 0.06301332 -0.21699402]
6	4	-0.012330927	-1.0273284	15.888846	12.071499	-0.011016494845360714	0.7239082474226805	-0.011016494845360714	3.664430927835051	0.7328861855670101	[0.996  0.9964 0.989  0.953  0.7844 0.516  0.3568 0.9846]	-0.06996138	[ 0.05960792 -0.21792145]
6	5	-0.10758516	-0.3102066	15.781261	11.761292	-0.002325773195876235	0.7215824742268042	-0.002325773195876235	4.386013402061855	0.7310022336769758	[0.993  0.9926 0.9876 0.9388 0.7622 0.52   0.3648 0.9794]	-0.067417644	[ 0.05798773 -0.21549685]
6	6	0.24621557	0.30229676	16.027477	12.063589	-0.00048453608247445157	0.7210979381443298	-0.00048453608247445157	5.107111340206185	0.7295873343151692	[0.994  0.993  0.9872 0.948  0.773  0.4998 0.3708 0.9766]	-0.06773285	[ 0.05611627 -0.21663529]
6	7	0.2494447	0.33857888	16.276922	12.402168	0.010676288659793975	0.7317742268041237	0.010676288659793975	5.838885567010308	0.7298606958762885	[0.9948 0.9934 0.9928 0.9638 0.7956 0.5464 0.356  0.9858]	-0.06897009	[ 0.06033519 -0.21367057]
6	8	0.10019632	-0.054315045	16.37712	12.347854	-0.0006659793814434156	0.7311082474226803	-0.0006659793814434156	6.569993814432989	0.7299993127147766	[0.9936 0.9964 0.9886 0.9566 0.7854 0.535  0.3706 0.9848]	-0.06798854	[ 0.05723796 -0.21724336]
6	9	-0.0642205	-0.4356261	16.312899	11.912228	-0.016402061855670058	0.7147061855670103	-0.016402061855670058	7.284699999999999	0.72847	[0.996  0.9958 0.9882 0.9464 0.7606 0.4978 0.3504 0.9754]	-0.06835166	[ 0.05808079 -0.21762092]
6	10	-0.29939646	-0.37848228	16.013502	11.533746	0.006286597938144345	0.7209927835051546	0.006286597938144345	8.005692783505154	0.727790253045923	[0.994  0.994  0.9858 0.9496 0.763  0.5118 0.3634 0.98  ]	-0.06627328	[ 0.0566568  -0.21283257]
6	11	0.2616079	-0.26726973	16.27511	11.266476	-0.01040618556701034	0.7105865979381443	-0.01040618556701034	8.716279381443298	0.7263566151202748	[0.9958 0.9918 0.9802 0.9296 0.743  0.508  0.3468 0.9722]	-0.066745125	[ 0.05704031 -0.21466918]
6	12	0.1296843	-0.08284195	16.404795	11.183634	-0.005196907216494795	0.7053896907216495	-0.005196907216494795	9.421669072164947	0.724743774781919	[0.9964 0.994  0.9854 0.9434 0.7442 0.48   0.3366 0.9734]	-0.06514735	[ 0.05229071 -0.21470544]
6	13	0.587865	-1.249571	16.99266	9.934063	-0.019762886597938123	0.6856268041237114	-0.019762886597938123	10.107295876288658	0.7219497054491899	[0.994  0.9916 0.9802 0.9112 0.7142 0.4848 0.293  0.9478]	-0.06387123	[ 0.05496667 -0.2101905 ]
6	14	0.66855	-0.28952706	17.661211	9.644536	0.01020515463917504	0.6958319587628864	0.01020515463917504	10.803127835051544	0.7202085223367696	[0.9986 0.9928 0.9836 0.9314 0.7282 0.4822 0.3106 0.968 ]	-0.061969317	[ 0.04560318 -0.21000078]
7	0	-0.5348583	0.04284762	14.465141	15.042848	0.005623711340206228	0.7416783505154638	0.005623711340206228	0.7416783505154638	0.7416783505154638	[0.9956 0.9924 0.9922 0.961  0.794  0.5438 0.3992 0.9904]	-0.08761798	[ 0.01669716 -0.11555719]
7	1	-0.21786426	-0.24647762	14.247277	14.79637	0.01207628865979371	0.7537546391752575	0.01207628865979371	1.4954329896907215	0.7477164948453607	[0.995  0.9902 0.9878 0.9622 0.8262 0.581  0.4116 0.9852]	-0.088195086	[ 0.01785678 -0.11611173]
7	2	-0.4957997	-0.5234139	13.751477	14.272956	-0.008456701030927771	0.7452979381443298	-0.008456701030927771	2.240730927835051	0.7469103092783503	[0.9938 0.9914 0.9884 0.958  0.8102 0.5624 0.3984 0.9866]	-0.091323584	[ 0.01871875 -0.1201418 ]
7	3	0.66639733	-0.25636405	14.417874	14.016592	-0.0025938144329895607	0.7427041237113402	-0.0025938144329895607	2.983435051546391	0.7458587628865978	[0.9938 0.9934 0.988  0.9586 0.8148 0.556  0.3914 0.9828]	-0.089327455	[ 0.01731876 -0.11854865]
7	4	0.55090487	-0.37475896	14.96878	13.641833	-0.01485051546391758	0.7278536082474226	-0.01485051546391758	3.711288659793814	0.7422577319587628	[0.9952 0.9906 0.9856 0.9472 0.789  0.5292 0.369  0.9814]	-0.08932604	[ 0.01759213 -0.11769848]
7	5	0.7599818	-0.29153204	15.728762	13.350302	0.003215463917525696	0.7310690721649483	0.003215463917525696	4.442357731958762	0.7403929553264604	[0.9914 0.9924 0.9878 0.9564 0.7944 0.5316 0.3702 0.9884]	-0.086258635	[ 0.01477404 -0.11505492]
7	6	-0.09462645	0.28145173	15.634135	13.631754	-0.0019391752577319066	0.7291298969072164	-0.0019391752577319066	5.171487628865979	0.7387839469808541	[0.995  0.992  0.987  0.9564 0.7794 0.5292 0.3732 0.9816]	-0.08557324	[ 0.01556751 -0.11515791]
7	7	0.5072843	0.056960344	16.14142	13.688714	-0.004132989690721622	0.7249969072164948	-0.004132989690721622	5.896484536082474	0.7370605670103092	[0.991  0.9908 0.986  0.9514 0.7762 0.5244 0.3642 0.9836]	-0.085394815	[ 0.01476695 -0.1138695 ]
7	8	0.79003024	-0.007762611	16.93145	13.680951	0.0015432989690720156	0.7265402061855668	0.0015432989690720156	6.62302474226804	0.7358916380297822	[0.9954 0.9934 0.9906 0.959  0.7766 0.5064 0.3774 0.9826]	-0.08425553	[ 0.01385073 -0.1141747 ]
7	9	-0.41942936	-0.32777095	16.51202	13.35318	-0.014677319587628634	0.7118628865979382	-0.014677319587628634	7.334887628865978	0.7334887628865978	[0.9946 0.9908 0.9824 0.9402 0.77   0.5026 0.337  0.9788]	-0.08562532	[ 0.01752697 -0.11136419]
7	10	0.30558887	0.07852707	16.81761	13.431707	0.009773195876288554	0.7216360824742267	0.009773195876288554	8.056523711340205	0.7324112464854732	[0.9972 0.9934 0.9868 0.9506 0.7902 0.5152 0.3506 0.98  ]	-0.08202274	[ 0.01153279 -0.11217273]
7	11	0.08116711	-0.9804416	16.898777	12.451265	-0.001646391752577303	0.7199896907216494	-0.001646391752577303	8.776513402061854	0.7313761168384878	[0.996  0.9924 0.9838 0.9436 0.769  0.5142 0.3596 0.9776]	-0.08459328	[ 0.01419372 -0.11276214]
7	12	-0.010464385	-0.29909718	16.888313	12.152168	-0.0014969072164948694	0.7184927835051546	-0.0014969072164948694	9.495006185567009	0.7303850911974622	[0.9954 0.99   0.9808 0.9422 0.7642 0.5198 0.3508 0.9852]	-0.084019154	[ 0.01292099 -0.113341  ]
7	13	1.0244331	0.33168304	17.912746	12.483851	-0.0016432989690720046	0.7168494845360825	-0.0016432989690720046	10.211855670103091	0.7294182621502208	[0.9914 0.994  0.9866 0.9424 0.7694 0.5112 0.3516 0.9704]	-0.081837356	[ 0.0104832  -0.11422281]
7	14	-0.46646738	-0.30388513	17.44628	12.179966	-0.007857731958762937	0.7089917525773196	-0.007857731958762937	10.92084742268041	0.7280564948453606	[0.9962 0.993  0.9794 0.9404 0.7366 0.4956 0.3458 0.9762]	-0.08432558	[ 0.01299753 -0.11296955]
8	0	0.33548206	-0.112902686	15.335482	14.887097	-0.013294845360824925	0.7316247422680411	-0.013294845360824925	0.7316247422680411	0.7316247422680411	[0.9944 0.9904 0.9812 0.9514 0.7856 0.533  0.3838 0.9806]	-0.09781471	[-0.05520014 -0.06508448]
8	1	-0.4928459	-0.68180156	14.842636	14.205296	0.010619587628866056	0.7422443298969071	0.010619587628866056	1.4738690721649483	0.7369345360824742	[0.9926 0.9928 0.9882 0.9552 0.802  0.5642 0.3892 0.9858]	-0.09550029	[-0.05687051 -0.06169494]
8	2	0.1419729	-0.3661947	14.984609	13.839101	-0.013043298969072081	0.7292010309278351	-0.013043298969072081	2.2030701030927835	0.7343567010309279	[0.9946 0.9866 0.9846 0.947  0.7886 0.535  0.3754 0.9752]	-0.0969868	[-0.05775458 -0.06511807]
8	3	0.048358064	-0.094060585	15.032967	13.74504	0.00012164948453607938	0.7293226804123711	0.00012164948453607938	2.9323927835051546	0.7330981958762887	[0.9946 0.9912 0.9838 0.9508 0.7944 0.537  0.3684 0.9758]	-0.09655325	[-0.05690169 -0.06147968]
8	4	-0.14222915	-0.121508166	14.890738	13.623531	0.014382474226804054	0.7437051546391752	0.014382474226804054	3.6760979381443297	0.735219587628866	[0.9968 0.9942 0.9926 0.9644 0.8098 0.5526 0.392  0.9892]	-0.09562503	[-0.05775576 -0.06164463]
8	5	0.4053883	-0.58796287	15.296125	13.035568	-0.02579381443298967	0.7179113402061855	-0.02579381443298967	4.394009278350516	0.7323348797250859	[0.9968 0.992  0.9832 0.9526 0.7696 0.512  0.347  0.9818]	-0.09754136	[-0.05543186 -0.06263337]
8	6	0.52445835	-0.13494298	15.820583	12.900625	0.01354123711340205	0.7314525773195876	0.01354123711340205	5.125461855670103	0.7322088365243005	[0.99   0.993  0.9902 0.9594 0.7884 0.539  0.3682 0.9844]	-0.090637594	[-0.06022778 -0.05835599]
8	7	0.051271893	0.04110638	15.871855	12.941731	0.0028247422680413026	0.7342773195876289	0.0028247422680413026	5.859739175257732	0.7324673969072165	[0.9862 0.9938 0.9898 0.9526 0.798  0.5308 0.3838 0.9884]	-0.09415217	[-0.05803342 -0.06144975]
8	8	1.0369654	-0.504437	16.908821	12.437294	-0.009223711340206164	0.7250536082474227	-0.009223711340206164	6.584792783505155	0.7316436426116839	[0.9954 0.993  0.9874 0.9466 0.7784 0.5106 0.374  0.9828]	-0.09620963	[-0.05500605 -0.06282487]
8	9	-0.50311375	0.1210359	16.405708	12.55833	-0.010949484536082577	0.7141041237113401	-0.010949484536082577	7.298896907216495	0.7298896907216494	[0.994  0.9916 0.9828 0.9452 0.7636 0.5064 0.344  0.9778]	-0.09444611	[-0.05638352 -0.05992569]
8	10	0.23063204	0.47343528	16.636341	13.031765	-0.0009865979381443735	0.7131175257731958	-0.0009865979381443735	8.012014432989691	0.7283649484536082	[0.995  0.993  0.9846 0.944  0.7656 0.5008 0.344  0.974 ]	-0.09061715	[-0.0603832  -0.05867659]
8	11	0.18812433	0.0070241503	16.824465	13.038789	0.008186597938144358	0.7213041237113401	0.008186597938144358	8.73331855670103	0.7277765463917526	[0.9944 0.9944 0.9894 0.945  0.7766 0.5    0.369  0.978 ]	-0.09139089	[-0.05952091 -0.05805619]
8	12	-0.7630855	-0.60806364	16.061378	12.430725	4.226804123708128e-05	0.7213463917525772	4.226804123708128e-05	9.454664948453608	0.727281919111816	[0.9944 0.9928 0.9844 0.9358 0.7512 0.5088 0.378  0.9824]	-0.094530076	[-0.05568602 -0.05881534]
8	13	-0.086770095	0.61993456	15.974608	13.050659	0.011679381443299053	0.7330257731958763	0.011679381443299053	10.187690721649485	0.7276921944035346	[0.992  0.993  0.9854 0.953  0.794  0.5398 0.3772 0.9818]	-0.09249994	[-0.05882139 -0.06110641]
8	14	-0.05866407	-0.32750458	15.915944	12.723155	-0.006565979381443321	0.7264597938144329	-0.006565979381443321	10.914150515463918	0.7276100343642612	[0.9954 0.995  0.992  0.9602 0.787  0.52   0.3616 0.98  ]	-0.095610365	[-0.05728624 -0.06255753]
9	0	-0.15162854	0.23989971	14.8483715	15.2399	0.019768041237113287	0.7407515463917524	0.019768041237113287	0.7407515463917524	0.7407515463917524	[0.9924 0.9886 0.9844 0.9576 0.8116 0.5514 0.3944 0.9786]	-0.08672101	[-0.1042732   0.00433823]
9	1	0.17862955	0.055026412	15.027001	15.294926	0.00886494845360819	0.7496164948453606	0.00886494845360819	1.490368041237113	0.7451840206185565	[0.9918 0.9916 0.9866 0.9622 0.806  0.572  0.414  0.9776]	-0.09399096	[-0.09805852  0.00301236]
9	2	0.026333444	0.42374462	15.053335	15.71867	0.002654639175257878	0.7522711340206185	0.002654639175257878	2.2426391752577315	0.7475463917525772	[0.9932 0.9932 0.9908 0.9686 0.8142 0.5578 0.4206 0.9916]	-0.09490331	[-0.09865223  0.00129663]
9	3	0.119784705	0.2807894	15.17312	15.999459	-0.007295876288659908	0.7449752577319586	-0.007295876288659908	2.98761443298969	0.7469036082474225	[0.9936 0.9898 0.987  0.9584 0.8112 0.5548 0.4054 0.9826]	-0.094867	[-0.09638243  0.00283529]
9	4	-1.2259669	-0.31758046	13.947153	15.681879	-0.008431958762886715	0.7365432989690719	-0.008431958762886715	3.724157731958762	0.7448315463917524	[0.9922 0.988  0.9826 0.956  0.813  0.5476 0.381  0.9788]	-0.09472006	[-0.09758984  0.00254809]
9	5	0.123031914	-0.07939594	14.070185	15.602483	0.011115463917525936	0.7476587628865978	0.011115463917525936	4.47181649484536	0.7453027491408933	[0.9944 0.9894 0.9886 0.9622 0.8292 0.5648 0.396  0.989 ]	-0.0927672	[-0.09898643  0.00326358]
9	6	-0.17034465	-0.121503115	13.89984	15.48098	0.01749896907216497	0.7651577319587628	0.01749896907216497	5.236974226804122	0.7481391752577318	[0.9962 0.9934 0.993  0.97   0.8332 0.6034 0.4304 0.9874]	-0.094675146	[-0.09797803  0.00187721]
9	7	-0.5535785	-0.7173859	13.346262	14.763594	-0.01218865979381456	0.7529690721649482	-0.01218865979381456	5.98994329896907	0.7487429123711338	[0.9946 0.9932 0.9872 0.971  0.831  0.5584 0.4168 0.99  ]	-0.09736841	[-0.098287   -0.00112366]
9	8	0.39907044	-0.42336488	13.745333	14.340229	-0.0031226804123710705	0.7498463917525772	-0.0031226804123710705	6.739789690721647	0.7488655211912941	[0.9954 0.9936 0.9914 0.9622 0.8118 0.5578 0.4138 0.9908]	-0.09548283	[-0.09533523  0.00300175]
9	9	-0.3811952	0.2788466	13.364138	14.619076	0.004151546391752636	0.7539979381443298	0.004151546391752636	7.493787628865977	0.7493787628865978	[0.9922 0.9938 0.991  0.964  0.821  0.581  0.408  0.9936]	-0.09459848	[-0.09761419  0.00227051]
9	10	0.51517546	0.13120808	13.879313	14.750284	-0.00653298969072158	0.7474649484536082	-0.00653298969072158	8.241252577319585	0.7492047797563259	[0.9948 0.992  0.9906 0.9602 0.8058 0.5696 0.4002 0.9892]	-0.094112165	[-0.09973381 -0.00026605]
9	11	-0.024925925	-0.27635795	13.854387	14.473927	0.0008670103092783821	0.7483319587628866	0.0008670103092783821	8.989584536082472	0.7491320446735393	[0.9878 0.9952 0.9886 0.9608 0.8106 0.5592 0.4098 0.9906]	-0.09308272	[-0.10057414  0.0012672 ]
9	12	-0.15835656	0.28160298	13.696031	14.755529	0.007902061855670106	0.7562340206185567	0.007902061855670106	9.745818556701028	0.7496783505154637	[0.9968 0.9942 0.9898 0.9636 0.8252 0.5846 0.4132 0.9914]	-0.093648486	[-0.09814341  0.00092224]
9	13	-0.7504578	0.33444494	12.945573	15.089974	0.003576288659793647	0.7598103092783504	0.003576288659793647	10.505628865979379	0.7504020618556699	[0.9838 0.9924 0.9926 0.9694 0.8382 0.5848 0.4234 0.9886]	-0.09501345	[-0.09960449 -0.00029837]
9	14	-0.6965232	0.026153529	12.24905	15.116128	0.0026845360824743203	0.7624948453608247	0.0026845360824743203	11.268123711340204	0.7512082474226802	[0.9924 0.9954 0.9896 0.963  0.8316 0.5938 0.4312 0.9888]	-0.09698681	[-0.09542923 -0.00071103]
10	0	-0.21914527	-0.19731714	14.780855	14.802683	-8.247422680407457e-05	0.7398381443298968	-8.247422680407457e-05	0.7398381443298968	0.7398381443298968	[0.9956 0.9912 0.9866 0.948  0.7956 0.5534 0.3928 0.9886]	-0.07986146	[-0.10126815  0.02481237]
10	1	0.33947748	0.40358207	15.120333	15.2062645	0.009001030927834996	0.7488391752577318	0.009001030927834996	1.4886773195876286	0.7443386597938143	[0.9934 0.9914 0.9874 0.9568 0.8128 0.575  0.4048 0.9832]	-0.08019255	[-0.10107133  0.02371498]
10	2	-0.5400913	0.73934954	14.580241	15.945614	0.003975257731958726	0.7528144329896905	0.003975257731958726	2.241491752577319	0.747163917525773	[0.995  0.9914 0.9838 0.9608 0.814  0.5806 0.4142 0.987 ]	-0.08305292	[-0.09977295  0.02267862]
10	3	-0.6928655	0.44257873	13.887376	16.388193	0.006802061855670227	0.7596164948453608	0.006802061855670227	3.00110824742268	0.75027706185567	[0.9948 0.9928 0.9932 0.974  0.8286 0.586  0.4214 0.9878]	-0.08290586	[-0.09976688  0.0223788 ]
10	4	0.2131679	0.14623567	14.100544	16.53443	-0.005804123711340203	0.7538123711340206	-0.005804123711340203	3.7549206185567003	0.75098412371134	[0.9928 0.9924 0.9906 0.9664 0.8208 0.5656 0.4232 0.9836]	-0.084781826	[-0.09715283  0.0238803 ]
10	5	0.09118433	0.03557396	14.191729	16.570004	-0.0020556701030927105	0.7517567010309278	-0.0020556701030927105	4.506677319587628	0.7511128865979381	[0.9934 0.9892 0.9854 0.9646 0.829  0.5794 0.4088 0.9748]	-0.08506738	[-0.09563625  0.02465943]
10	6	0.16123894	0.6310477	14.352967	17.201052	0.01027422680412371	0.7620309278350516	0.01027422680412371	5.26870824742268	0.7526726067746685	[0.994  0.995  0.9926 0.9728 0.8192 0.5972 0.4292 0.9824]	-0.08514091	[-0.09730324  0.02370186]
10	7	-0.35993293	0.04161953	13.993034	17.242672	0.0065886597938144	0.768619587628866	0.0065886597938144	6.037327835051546	0.7546659793814432	[0.9884 0.9938 0.9908 0.9726 0.8498 0.6042 0.4386 0.9868]	-0.084889606	[-0.0985427   0.02263314]
10	8	0.10293736	-0.0538046	14.095972	17.188868	-0.005251546391752737	0.7633680412371132	-0.005251546391752737	6.800695876288659	0.7556328751431843	[0.9926 0.9884 0.9866 0.9654 0.8408 0.604  0.4302 0.98  ]	-0.08741616	[-0.09507941  0.02049869]
10	9	0.25558406	-0.23306589	14.351556	16.955801	-0.01790515463917519	0.745462886597938	-0.01790515463917519	7.546158762886597	0.7546158762886597	[0.9938 0.9914 0.9838 0.9628 0.8188 0.5706 0.3954 0.9724]	-0.08737111	[-0.09670771  0.02076828]
10	10	0.05762641	-0.4498496	14.409183	16.50595	0.01768762886597952	0.7631505154639175	0.01768762886597952	8.309309278350515	0.7553917525773195	[0.9948 0.992  0.9916 0.9726 0.8368 0.5878 0.4322 0.989 ]	-0.083075926	[-0.09902568  0.02449311]
10	11	-0.006719239	0.1034966	14.402463	16.609447	-0.005276288659793904	0.7578742268041236	-0.005276288659793904	9.067183505154638	0.7555986254295531	[0.9926 0.9926 0.9906 0.9676 0.8266 0.595  0.4138 0.985 ]	-0.08631168	[-0.09562401  0.02314077]
10	12	0.629203	0.36682618	15.031666	16.976274	-0.00842577319587634	0.7494484536082473	-0.00842577319587634	9.816631958762885	0.7551255352894527	[0.994  0.9928 0.989  0.964  0.8266 0.5492 0.4162 0.9844]	-0.08424476	[-0.09915148  0.02196724]
10	13	-0.098858654	-0.16931692	14.932807	16.806957	0.00447731958762887	0.7539257731958762	0.00447731958762887	10.570557731958761	0.7550398379970543	[0.9908 0.991  0.99   0.9634 0.8218 0.5798 0.4134 0.987 ]	-0.084582135	[-0.09437031  0.02583203]
10	14	0.08720692	0.11523728	15.020014	16.922195	-0.011011340206185438	0.7429144329896907	-0.011011340206185438	11.313472164948452	0.7542314776632302	[0.9928 0.989  0.979  0.9578 0.8094 0.5652 0.3986 0.972 ]	-0.08406162	[-0.09803387  0.02265891]
11	0	0.067378074	-0.749764	15.067378	14.250236	-0.008783505154639104	0.7319886597938144	-0.008783505154639104	0.7319886597938144	0.7319886597938144	[0.993  0.9858 0.9784 0.9456 0.7774 0.5442 0.3872 0.9782]	-0.0856237	[-0.1351701   0.02808722]
11	1	0.35884622	-0.19865528	15.426225	14.05158	-0.000593814432989781	0.7313948453608247	-0.000593814432989781	1.463383505154639	0.7316917525773196	[0.9922 0.9938 0.9906 0.9596 0.7734 0.5364 0.3742 0.9868]	-0.08318505	[-0.13569543  0.02882171]
11	2	-0.3756275	-0.507229	15.050597	13.544352	0.013041237113402104	0.7444360824742268	0.013041237113402104	2.2078195876288658	0.7359398625429553	[0.9946 0.9932 0.9904 0.9576 0.8072 0.559  0.398  0.9846]	-0.08059749	[-0.13662998  0.03135726]
11	3	-0.027630426	0.30320102	15.022966	13.847552	-0.01403711340206193	0.7303989690721648	-0.01403711340206193	2.9382185567010306	0.7345546391752577	[0.9932 0.9912 0.984  0.9568 0.7958 0.5512 0.3576 0.979 ]	-0.08627805	[-0.13391235  0.02852149]
11	4	-0.33919293	0.18215886	14.683773	14.029711	0.007602061855670139	0.738001030927835	0.007602061855670139	3.6762195876288657	0.7352439175257731	[0.9914 0.9908 0.9838 0.9572 0.797  0.5476 0.3866 0.9904]	-0.0814649	[-0.13761137  0.0298395 ]
11	5	0.30723488	-0.08719238	14.991008	13.942518	-0.008049484536082563	0.7299515463917524	-0.008049484536082563	4.406171134020618	0.734361855670103	[0.995  0.9928 0.9864 0.9468 0.7832 0.5304 0.376  0.9862]	-0.08311777	[-0.13491514  0.02904155]
11	6	-0.11879717	0.16764584	14.8722105	14.110164	0.011347422680412445	0.7412989690721649	0.011347422680412445	5.147470103092783	0.7353528718703977	[0.995  0.9926 0.992  0.9634 0.8154 0.546  0.3872 0.9876]	-0.08181636	[-0.13572076  0.02999933]
11	7	-0.14638692	0.2324768	14.725823	14.342641	-0.00224432989690726	0.7390546391752576	-0.00224432989690726	5.886524742268041	0.7358155927835052	[0.9906 0.9932 0.9888 0.9572 0.806  0.5402 0.3924 0.9846]	-0.08550392	[-0.13250193  0.03069438]
11	8	-0.18999867	-0.34988275	14.535825	13.992758	-0.01198969072164946	0.7270649484536081	-0.01198969072164946	6.61358969072165	0.7348432989690722	[0.9938 0.9926 0.983  0.945  0.7882 0.5344 0.3652 0.9778]	-0.0853236	[-0.13225982  0.02981276]
11	9	-0.89809096	-0.029861309	13.637733	13.962896	0.0200618556701031	0.7471268041237112	0.0200618556701031	7.360716494845361	0.7360716494845361	[0.9946 0.9946 0.9932 0.9658 0.806  0.5596 0.4012 0.9906]	-0.08195019	[-0.13637608  0.02957415]
11	10	0.06828609	0.1954768	13.706019	14.158373	-0.013611340206185485	0.7335154639175258	-0.013611340206185485	8.094231958762887	0.7358392689784442	[0.9946 0.9926 0.9872 0.952  0.7902 0.539  0.3776 0.9888]	-0.08562997	[-0.13383302  0.02939795]
11	11	0.43015403	-0.6281731	14.136173	13.5302	0.011580412371134052	0.7450958762886598	0.011580412371134052	8.839327835051547	0.7366106529209623	[0.9948 0.9918 0.9878 0.9564 0.8024 0.5562 0.4044 0.9906]	-0.08229405	[-0.13581139  0.02974886]
11	12	-0.5051521	-0.5152201	13.6310215	13.01498	-0.004460824742268055	0.7406350515463918	-0.004460824742268055	9.579962886597938	0.7369202220459953	[0.9972 0.9948 0.9914 0.9604 0.8042 0.5562 0.3802 0.9906]	-0.085687414	[-0.13390248  0.02827218]
11	13	-0.36736503	0.6001538	13.263657	13.615134	0.00970103092783503	0.7503360824742268	0.00970103092783503	10.330298969072166	0.737878497790869	[0.995  0.9932 0.9902 0.963  0.8308 0.5606 0.407  0.9886]	-0.083550096	[-0.13614415  0.02937968]
11	14	-0.47886443	0.48084342	12.784792	14.095978	-0.003217525773196006	0.7471185567010308	-0.003217525773196006	11.077417525773196	0.7384945017182131	[0.9878 0.9932 0.9918 0.9662 0.8198 0.5626 0.396  0.9894]	-0.08840421	[-0.13104574  0.0285319 ]
12	0	0.21260634	0.039371118	15.212606	15.0393715	0.00485051546391746	0.7399948453608246	0.00485051546391746	0.7399948453608246	0.7399948453608246	[0.9928 0.9928 0.9894 0.963  0.8046 0.549  0.3864 0.9862]	-0.07597763	[-0.17601097 -0.03098366]
12	1	0.17845653	-0.51238745	15.391063	14.526984	-0.011716494845360748	0.7282783505154639	-0.011716494845360748	1.4682731958762885	0.7341365979381442	[0.9912 0.9888 0.9824 0.949  0.7886 0.5378 0.3678 0.9786]	-0.07581835	[-0.17529665 -0.02856464]
12	2	-0.6703502	-0.35774478	14.720713	14.169239	0.013030927835051553	0.7413092783505154	0.013030927835051553	2.2095824742268038	0.7365274914089346	[0.9958 0.99   0.9892 0.953  0.7982 0.5578 0.3944 0.9824]	-0.07376046	[-0.17685212 -0.02849662]
12	3	-0.08645496	-0.35344547	14.634257	13.815794	-0.007351546391752506	0.7339577319587629	-0.007351546391752506	2.943540206185567	0.7358850515463917	[0.995  0.9912 0.9898 0.9546 0.8028 0.5326 0.3778 0.9876]	-0.07725347	[-0.17609513 -0.03010649]
12	4	-0.6224196	0.02167024	14.011838	13.837464	0.0018814432989689989	0.7358391752577319	0.0018814432989689989	3.6793793814432987	0.7358758762886597	[0.9908 0.9942 0.9872 0.9494 0.7826 0.549  0.384  0.9888]	-0.075178124	[-0.17474961 -0.02767936]
12	5	0.20969404	-0.16147193	14.221532	13.675992	-0.0032876288659794417	0.7325515463917525	-0.0032876288659794417	4.411930927835051	0.7353218213058419	[0.9926 0.9902 0.9848 0.9578 0.8026 0.5286 0.3764 0.9886]	-0.07370078	[-0.17811103 -0.03073878]
12	6	-0.07655872	-0.031388994	14.144973	13.644603	0.0043144329896909195	0.7368659793814434	0.0043144329896909195	5.148796907216495	0.7355424153166421	[0.9938 0.9918 0.9858 0.9512 0.796  0.5402 0.3894 0.989 ]	-0.07424501	[-0.17433944 -0.02722991]
12	7	-0.44489613	-0.25530085	13.700077	13.389302	0.009864948453608191	0.7467309278350516	0.009864948453608191	5.8955278350515465	0.7369409793814433	[0.9936 0.994  0.9892 0.9662 0.812  0.5702 0.3942 0.9832]	-0.075189106	[-0.17561236 -0.02946348]
12	8	0.17730354	0.11523061	13.87738	13.504533	-0.01710515463917539	0.7296257731958762	-0.01710515463917539	6.625153608247423	0.7361281786941581	[0.9918 0.9936 0.9884 0.9552 0.7856 0.5376 0.366  0.9818]	-0.07734763	[-0.17620899 -0.03031141]
12	9	-0.5349228	0.12389036	13.342458	13.628423	0.017096907216494817	0.746722680412371	0.017096907216494817	7.371876288659794	0.7371876288659794	[0.998  0.993  0.9904 0.961  0.8038 0.573  0.3942 0.9888]	-0.07291628	[-0.1775696  -0.02782997]
12	10	0.20676732	-0.016674222	13.549225	13.611749	-0.0046092783505155	0.7421134020618555	-0.0046092783505155	8.113989690721649	0.7376354264292408	[0.9906 0.9938 0.9886 0.9652 0.8008 0.551  0.3928 0.9904]	-0.07658435	[-0.17799374 -0.03092974]
12	11	0.29563123	0.44002423	13.844856	14.051773	0.009801030927835241	0.7519144329896907	0.009801030927835241	8.86590412371134	0.7388253436426117	[0.9952 0.994  0.9916 0.9652 0.8246 0.5886 0.3902 0.9944]	-0.07535695	[-0.17546521 -0.029104  ]
12	12	0.033459038	0.0019119717	13.878315	14.053685	-0.013382474226804275	0.7385319587628865	-0.013382474226804275	9.604436082474226	0.7388027755749405	[0.9962 0.992  0.99   0.9558 0.808  0.536  0.3896 0.99  ]	-0.07734399	[-0.17819573 -0.03284822]
12	13	-0.83631194	-0.10878853	13.042003	13.944897	0.018253608247422837	0.7567855670103093	0.018253608247422837	10.361221649484536	0.7400872606774669	[0.9944 0.9934 0.9938 0.9668 0.8218 0.5796 0.4172 0.9944]	-0.07634211	[-0.17393473 -0.02824437]
12	14	-0.3073637	-0.88916135	12.734639	13.055736	-0.017032989690721756	0.7397525773195875	-0.017032989690721756	11.100974226804123	0.7400649484536082	[0.9958 0.9936 0.99   0.961  0.7954 0.5534 0.3844 0.9888]	-0.07975555	[-0.1747418  -0.03207072]
13	0	-0.43986452	0.07974064	14.560136	15.079741	-0.008239175257731879	0.7407288659793814	-0.008239175257731879	0.7407288659793814	0.7407288659793814	[0.994  0.9906 0.988  0.9536 0.8064 0.552  0.392  0.9854]	-0.07308395	[-0.23227586 -0.07490245]
13	1	-0.46782482	-0.62129205	14.092311	14.458448	0.004974226804123738	0.7457030927835051	0.004974226804123738	1.4864319587628865	0.7432159793814432	[0.9942 0.9934 0.99   0.9622 0.8012 0.5564 0.4042 0.9886]	-0.07160172	[-0.23049359 -0.07278395]
13	2	-0.33093715	-0.016938075	13.7613735	14.44151	0.004664948453608209	0.7503680412371133	0.004664948453608209	2.2367999999999997	0.7455999999999999	[0.993  0.9938 0.9884 0.966  0.822  0.5718 0.4016 0.9894]	-0.071441054	[-0.23070249 -0.07256936]
13	3	-0.37427777	0.028141305	13.387095	14.469651	0.002956701030927933	0.7533247422680412	0.002956701030927933	2.990124742268041	0.7475311855670103	[0.9884 0.9912 0.9892 0.9668 0.8188 0.5696 0.4162 0.994 ]	-0.0727061	[-0.23082082 -0.07422777]
13	4	-0.26767093	-0.5270883	13.119425	13.942563	-0.015222680412371181	0.7381020618556701	-0.015222680412371181	3.728226804123711	0.7456453608247422	[0.9924 0.9922 0.9864 0.9534 0.7864 0.5352 0.4018 0.988 ]	-0.07358585	[-0.22911325 -0.0745743 ]
13	5	0.17851856	-0.082616635	13.297943	13.859946	0.005641237113402031	0.7437432989690721	0.005641237113402031	4.471970103092783	0.7453283505154639	[0.9954 0.9946 0.9878 0.9614 0.8114 0.5564 0.3938 0.9852]	-0.06976287	[-0.22978637 -0.07150684]
13	6	-0.54316276	-0.17533472	12.754781	13.684611	-0.0005422680412371372	0.743201030927835	-0.0005422680412371372	5.215171134020618	0.7450244477172312	[0.9942 0.9888 0.9854 0.9574 0.8062 0.5644 0.3964 0.9778]	-0.07149601	[-0.23086582 -0.07255433]
13	7	0.010435581	0.17131734	12.765217	13.855928	0.006332989690721713	0.7495340206185567	0.006332989690721713	5.964705154639175	0.7455881443298968	[0.9904 0.993  0.9894 0.9634 0.81   0.5662 0.4102 0.987 ]	-0.072661445	[-0.23077357 -0.07293634]
13	8	-0.78892165	-0.7475765	11.976295	13.108352	0.008356701030927893	0.7578907216494846	0.008356701030927893	6.7225958762886595	0.7469550973654067	[0.9898 0.9936 0.9864 0.963  0.8252 0.583  0.4248 0.9912]	-0.07303612	[-0.23000656 -0.07391979]
13	9	0.11053914	-0.10525413	12.086835	13.003098	-0.01154948453608251	0.7463412371134021	-0.01154948453608251	7.4689371134020615	0.7468937113402061	[0.9942 0.991  0.9878 0.9554 0.8166 0.572  0.3922 0.9908]	-0.07496904	[-0.22986642 -0.07680405]
13	10	-0.054687098	-0.81576383	12.032147	12.187334	0.0030762886597937023	0.7494175257731958	0.0030762886597937023	8.218354639175256	0.7471231490159324	[0.9946 0.9896 0.9854 0.961  0.819  0.573  0.4036 0.9878]	-0.071995914	[-0.2321946  -0.07512011]
13	11	-0.35259655	-0.2400662	11.679551	11.947268	-0.006163917525773055	0.7432536082474227	-0.006163917525773055	8.96160824742268	0.7468006872852233	[0.9954 0.9944 0.9912 0.9586 0.811  0.553  0.3934 0.9874]	-0.07313943	[-0.230805   -0.07443797]
13	12	0.41532305	-0.14349934	12.094874	11.803768	-0.0024721649484535924	0.7407814432989691	-0.0024721649484535924	9.702389690721649	0.74633766851705	[0.99   0.9968 0.9938 0.961  0.808  0.5556 0.382  0.984 ]	-0.07168618	[-0.23059365 -0.07258594]
13	13	0.4426505	0.21233161	12.537525	12.0161	-0.01100103092783511	0.729780412371134	-0.01100103092783511	10.432170103092783	0.7451550073637703	[0.9974 0.9946 0.9874 0.9494 0.7872 0.529  0.374  0.9814]	-0.070770726	[-0.23142721 -0.07263981]
13	14	-0.43849793	0.23349532	12.099028	12.249596	0.016570103092783506	0.7463505154639175	0.016570103092783506	11.178520618556702	0.7452347079037801	[0.9962 0.991  0.988  0.9498 0.8128 0.5706 0.401  0.9814]	-0.06814323	[-0.23167382 -0.07016902]
14	0	0.2495726	-0.06389078	15.249573	14.93611	0.008708247422680504	0.7383701030927835	0.008708247422680504	0.7383701030927835	0.7383701030927835	[0.987  0.994  0.9854 0.9642 0.7992 0.5472 0.386  0.9846]	-0.066352665	[-0.25130472 -0.07010177]
14	1	-0.80250263	0.46532372	14.44707	15.401433	0.006683505154639002	0.7450536082474225	0.006683505154639002	1.483423711340206	0.741711855670103	[0.9964 0.9932 0.9892 0.9584 0.7922 0.5552 0.4082 0.9878]	-0.06698696	[-0.25216427 -0.07192246]
14	2	-0.31245482	-0.016572889	14.134615	15.38486	0.00928453608247437	0.7543381443298969	0.00928453608247437	2.2377618556701027	0.7459206185567009	[0.9956 0.9926 0.9902 0.9638 0.8236 0.5834 0.4098 0.9866]	-0.0687629	[-0.25260487 -0.0728458 ]
14	3	-0.9121922	0.19504493	13.222423	15.579905	0.009354639175257695	0.7636927835051546	0.009354639175257695	3.0014546391752575	0.7503636597938144	[0.9946 0.9914 0.9942 0.9708 0.827  0.5928 0.4342 0.9902]	-0.072114795	[-0.2527272  -0.07549143]
14	4	-0.33701244	-0.031920414	12.88541	15.547984	0.0018494845360823575	0.7655422680412369	0.0018494845360823575	3.7669969072164946	0.7533993814432989	[0.9948 0.994  0.9914 0.9748 0.8368 0.5986 0.4304 0.9928]	-0.07457374	[-0.25123465 -0.07609173]
14	5	-1.2037004	0.7576911	11.68171	16.305676	0.0017639175257733175	0.7673061855670102	0.0017639175257733175	4.534303092783505	0.7557171821305841	[0.9944 0.9948 0.9918 0.9732 0.834  0.6086 0.4312 0.9934]	-0.07401852	[-0.252004   -0.07680348]
14	6	0.34888554	0.2176274	12.030596	16.523302	0.007114432989690833	0.7744206185567011	0.007114432989690833	5.308723711340206	0.7583891016200294	[0.9936 0.9928 0.9902 0.9654 0.8514 0.6136 0.4548 0.9924]	-0.07392906	[-0.2532906  -0.07806844]
14	7	-0.16796267	-0.11786029	11.862633	16.405441	-0.005700000000000038	0.768720618556701	-0.005700000000000038	6.077444329896907	0.7596805412371134	[0.9924 0.99   0.984  0.966  0.8404 0.6146 0.44   0.9902]	-0.07814415	[-0.25039533 -0.08038557]
14	8	-0.11223601	-0.2670293	11.750397	16.138412	-0.008885567010309403	0.7598350515463916	-0.008885567010309403	6.837279381443299	0.7596977090492554	[0.993  0.9912 0.9872 0.9668 0.8376 0.5944 0.4172 0.9912]	-0.0756222	[-0.25215808 -0.07975908]
14	9	-0.26611102	0.05717197	11.484285	16.195585	0.001285567010309241	0.7611206185567009	0.001285567010309241	7.5984	0.75984	[0.991  0.99   0.9872 0.9612 0.8216 0.5804 0.443  0.992 ]	-0.07321757	[-0.25221583 -0.077179  ]
14	10	-1.1174669	0.49782136	10.366818	16.693407	0.015721649484536138	0.776842268041237	0.015721649484536138	8.375242268041237	0.7613856607310215	[0.9878 0.9934 0.989  0.974  0.8452 0.6192 0.4616 0.991 ]	-0.074343994	[-0.24973741 -0.07686982]
14	11	-0.3508393	-0.33443975	10.015979	16.358967	0.01070309278350512	0.7875453608247421	0.01070309278350512	9.16278762886598	0.7635656357388316	[0.994  0.99   0.9918 0.974  0.8644 0.6416 0.4776 0.995 ]	-0.0776466	[-0.25026634 -0.08033021]
14	12	-0.60917866	0.9357346	9.4068	17.2947	-0.0040206185567009944	0.7835247422680411	-0.0040206185567009944	9.94631237113402	0.7651009516256939	[0.99   0.9898 0.9852 0.9726 0.8644 0.6384 0.4686 0.9932]	-0.08078942	[-0.25016356 -0.08247778]
14	13	0.32851243	-0.65853214	9.735312	16.63617	0.01195773195876293	0.7954824742268041	0.01195773195876293	10.741794845360824	0.7672710603829159	[0.9886 0.991  0.99   0.971  0.8716 0.6552 0.4992 0.996 ]	-0.079528034	[-0.2503385  -0.08269009]
14	14	-0.41495842	-1.2176776	9.320354	15.418491	-0.009630927835051484	0.7858515463917526	-0.009630927835051484	11.527646391752576	0.7685097594501717	[0.9948 0.9934 0.9908 0.9736 0.859  0.649  0.4672 0.9928]	-0.0823174	[-0.24911478 -0.08557374]
15	0	-0.74771017	0.07854044	14.25229	15.078541	0.017087628865979254	0.7473793814432989	0.017087628865979254	0.7473793814432989	0.7473793814432989	[0.9886 0.9932 0.9888 0.9656 0.8086 0.56   0.406  0.9876]	-0.05321328	[-0.2727022   0.02066649]
15	1	-0.64322054	0.6658416	13.609069	15.744383	0.003503092783505246	0.7508824742268041	0.003503092783505246	1.498261855670103	0.7491309278350515	[0.9956 0.992  0.9902 0.9674 0.8234 0.5622 0.4096 0.9888]	-0.057624858	[-0.2707394   0.01990753]
15	2	-0.14026372	0.9012945	13.468805	16.645678	0.008742268041237122	0.7596247422680412	0.008742268041237122	2.2578865979381444	0.7526288659793815	[0.9818 0.9926 0.9878 0.9648 0.8282 0.6024 0.419  0.9858]	-0.059292372	[-0.27011493  0.02055968]
15	3	-1.1193092	0.30963364	12.349496	16.95531	0.004615463917525653	0.7642402061855669	0.004615463917525653	3.0221268041237113	0.7555317010309278	[0.9946 0.9916 0.9908 0.9716 0.8342 0.594  0.4318 0.994 ]	-0.061464544	[-0.27189294  0.01473989]
15	4	-0.43656725	-0.45323604	11.912929	16.502075	0.006101030927834983	0.7703412371134019	0.006101030927834983	3.7924680412371132	0.7584936082474226	[0.9842 0.9918 0.9894 0.963  0.8436 0.6058 0.4514 0.9916]	-0.062008437	[-0.271127   0.0174525]
15	5	-0.6182941	0.19641632	11.294635	16.698492	0.005460824742268278	0.7758020618556701	0.005460824742268278	4.568270103092783	0.7613783505154639	[0.9916 0.9906 0.9878 0.9714 0.8492 0.6214 0.4544 0.9944]	-0.06538555	[-0.26915842  0.01357183]
15	6	-0.6033596	-0.050218444	10.691276	16.648273	-0.002731958762886677	0.7730701030927835	-0.002731958762886677	5.341340206185567	0.7630486008836525	[0.9856 0.9862 0.9866 0.9654 0.8472 0.622  0.4508 0.992 ]	-0.06556201	[-0.27088264  0.01392389]
15	7	0.06480464	-0.5434157	10.756081	16.104858	0.0012494845360824236	0.7743195876288659	0.0012494845360824236	6.115659793814433	0.7644574742268041	[0.9918 0.99   0.989  0.975  0.8566 0.62   0.445  0.993 ]	-0.065957904	[-0.27015612  0.01286138]
15	8	-0.42015332	-0.51038945	10.335927	15.594469	0.00799690721649482	0.7823164948453607	0.00799690721649482	6.897976288659794	0.7664418098510882	[0.9906 0.9942 0.9922 0.9728 0.858  0.6366 0.4614 0.996 ]	-0.06544788	[-0.27065766  0.01477244]
15	9	-0.0694084	-0.11620576	10.266519	15.478263	-0.006961855670103101	0.7753546391752576	-0.006961855670103101	7.673330927835051	0.7673330927835051	[0.9868 0.995  0.9912 0.9724 0.8538 0.6282 0.4432 0.9932]	-0.06697413	[-0.2715531   0.01222066]
15	10	0.040052652	-0.27968383	10.306571	15.198579	-0.0019257731958761681	0.7734288659793814	-0.0019257731958761681	8.446759793814433	0.7678872539831303	[0.9966 0.9946 0.9912 0.9714 0.8528 0.62   0.4402 0.9938]	-0.06500058	[-0.27195308  0.01284203]
15	11	0.14788166	-0.56233966	10.4544525	14.636239	-0.0019742268041238464	0.7714546391752576	-0.0019742268041238464	9.21821443298969	0.7681845360824742	[0.9894 0.9884 0.9854 0.965  0.8478 0.6154 0.4476 0.9926]	-0.064533874	[-0.27236223  0.01458808]
15	12	-0.0075711906	-0.4500118	10.446881	14.186227	-0.0018010309278349013	0.7696536082474227	-0.0018010309278349013	9.987868041237112	0.768297541633624	[0.9968 0.9944 0.993  0.979  0.8546 0.616  0.4226 0.9946]	-0.06520915	[-0.27042785  0.01356085]
15	13	-0.05474238	-0.009157339	10.3921385	14.17707	-0.007428865979381416	0.7622247422680413	-0.007428865979381416	10.750092783505153	0.767863770250368	[0.9968 0.9932 0.9902 0.9656 0.8352 0.5892 0.43   0.9904]	-0.06271942	[-0.27304718  0.01635083]
15	14	-0.47363555	-0.071921825	9.918503	14.105148	0.01572989690721638	0.7779546391752576	0.01572989690721638	11.52804742268041	0.7685364948453607	[0.9958 0.9938 0.9904 0.9654 0.852  0.6326 0.4536 0.9924]	-0.062355842	[-0.27093923  0.01727755]
16	0	-0.63671	0.04092155	14.36329	15.040921	0.0023350515463915755	0.7385536082474226	0.0023350515463915755	0.7385536082474226	0.7385536082474226	[0.9912 0.9892 0.987  0.9522 0.8038 0.5524 0.388  0.981 ]	-0.042231545	[-0.3944852   0.09759253]
16	1	-0.5726403	0.21271941	13.790649	15.25364	0.010012371134020759	0.7485659793814433	0.010012371134020759	1.4871195876288659	0.7435597938144329	[0.9942 0.9932 0.9896 0.961  0.8226 0.5548 0.4106 0.9848]	-0.043502927	[-0.39544782  0.09557626]
16	2	-0.86008966	-0.44646907	12.93056	14.807171	0.008406185567010227	0.7569721649484535	0.008406185567010227	2.2440917525773196	0.7480305841924398	[0.9944 0.994  0.9888 0.9668 0.8304 0.5788 0.4176 0.9926]	-0.04619795	[-0.39440608  0.09641934]
16	3	-0.5314373	0.47487718	12.399123	15.282048	-0.008499999999999952	0.7484721649484536	-0.008499999999999952	2.992563917525773	0.7481409793814433	[0.9942 0.9924 0.9874 0.962  0.807  0.5696 0.4044 0.9892]	-0.04651536	[-0.39690483  0.09462155]
16	4	-0.5121198	-0.47100234	11.887003	14.811046	0.014455670103092677	0.7629278350515463	0.014455670103092677	3.7554917525773197	0.7510983505154639	[0.9952 0.9932 0.9942 0.9728 0.8442 0.5854 0.4272 0.9912]	-0.043744937	[-0.3975705   0.09524811]
16	5	-0.23201488	-0.25223762	11.654988	14.558808	0.000983505154639186	0.7639113402061855	0.000983505154639186	4.519403092783505	0.7532338487972509	[0.9942 0.9926 0.99   0.9726 0.8408 0.61   0.4154 0.993 ]	-0.04922293	[-0.3958555   0.09533174]
16	6	-0.57610095	0.53014314	11.078887	15.088951	-0.00026288659793816116	0.7636484536082473	-0.00026288659793816116	5.283051546391752	0.754721649484536	[0.9848 0.9938 0.9912 0.9678 0.84   0.583  0.438  0.9938]	-0.047685266	[-0.39944977  0.09279925]
16	7	-0.120067805	-0.12893191	10.958819	14.960019	0.0001618556701031837	0.7638103092783505	0.0001618556701031837	6.046861855670103	0.7558577319587628	[0.9946 0.9944 0.991  0.9726 0.8464 0.5884 0.4276 0.9936]	-0.04943782	[-0.39454025  0.09313281]
16	8	0.22699317	0.09002075	11.185813	15.05004	0.010325773195876242	0.7741360824742267	0.010325773195876242	6.8209979381443295	0.7578886597938144	[0.9946 0.9962 0.9934 0.9694 0.8542 0.607  0.4508 0.9968]	-0.048778445	[-0.39641115  0.09451772]
16	9	-0.17382072	0.019632295	11.011992	15.069673	-0.009839175257731925	0.7642969072164948	-0.009839175257731925	7.585294845360824	0.7585294845360824	[0.9948 0.9908 0.987  0.9632 0.8402 0.5964 0.4334 0.9934]	-0.051718205	[-0.39708275  0.0919709 ]
16	10	0.06542525	0.04361828	11.077417	15.113291	0.007720618556701031	0.7720175257731958	0.007720618556701031	8.35731237113402	0.7597556701030928	[0.9932 0.9904 0.9904 0.9684 0.8412 0.6262 0.4386 0.994 ]	-0.04928331	[-0.39694616  0.09241039]
16	11	-0.8437557	0.10077135	10.233662	15.214062	0.008707216494845516	0.7807247422680413	0.008707216494845516	9.138037113402062	0.7615030927835051	[0.994  0.994  0.9912 0.9758 0.8578 0.6186 0.469  0.992 ]	-0.05042903	[-0.3993993   0.09061823]
16	12	-0.20105787	-0.94578505	10.032604	14.268276	0.0011577319587626755	0.781882474226804	0.0011577319587626755	9.919919587628865	0.7630707375099127	[0.9952 0.9934 0.992  0.9766 0.8582 0.625  0.4674 0.9934]	-0.05421844	[-0.39626417  0.09192692]
16	13	0.20689112	0.20472535	10.239495	14.4730015	-0.0017257731958761902	0.7801567010309278	-0.0017257731958761902	10.700076288659792	0.7642911634756995	[0.9772 0.9932 0.9886 0.971  0.855  0.6286 0.466  0.9948]	-0.054151624	[-0.3971678   0.09167042]
16	14	-0.85757303	0.05569533	9.381922	14.528697	-0.01042783505154643	0.7697288659793814	-0.01042783505154643	11.469805154639173	0.7646536769759449	[0.9958 0.994  0.9868 0.9696 0.8442 0.6148 0.4376 0.9894]	-0.053786263	[-0.39607638  0.08811418]
17	0	0.030920148	0.08159071	15.03092	15.081591	0.015163917525773174	0.7495051546391752	0.015163917525773174	0.7495051546391752	0.7495051546391752	[0.9926 0.994  0.9882 0.9674 0.8198 0.5862 0.3894 0.985 ]	-0.03557846	[-0.45882133  0.05601672]
17	1	-0.75176656	0.004506301	14.279154	15.086097	-0.00528041237113408	0.7442247422680411	-0.00528041237113408	1.4937298969072164	0.7468649484536082	[0.991  0.993  0.9888 0.956  0.803  0.5632 0.398  0.9844]	-0.039105386	[-0.4627581   0.05377518]
17	2	-0.24903636	0.22161877	14.030117	15.307715	0.008418556701031088	0.7526432989690722	0.008418556701031088	2.2463731958762887	0.7487910652920963	[0.9948 0.9938 0.9896 0.9692 0.8248 0.5778 0.4042 0.9866]	-0.038760513	[-0.4604089   0.05429673]
17	3	0.13742745	0.56516397	14.167544	15.872879	-0.008528865979381628	0.7441144329896906	-0.008528865979381628	2.990487628865979	0.7476219072164948	[0.9922 0.9942 0.9846 0.9546 0.8054 0.571  0.3944 0.9794]	-0.040600955	[-0.46130186  0.05483535]
17	4	-0.26440132	-0.04081308	13.903143	15.832066	0.005478350515464081	0.7495927835051547	0.005478350515464081	3.740080412371134	0.7480160824742268	[0.9942 0.9926 0.991  0.9664 0.8212 0.5858 0.3878 0.9876]	-0.038903415	[-0.46109748  0.05339877]
17	5	-0.11210251	0.27984533	13.79104	16.111912	0.001677319587628734	0.7512701030927834	0.001677319587628734	4.4913505154639175	0.7485584192439863	[0.9948 0.991  0.9892 0.958  0.8196 0.5794 0.4052 0.9876]	-0.039224133	[-0.46289822  0.05400147]
17	6	-0.042372882	-0.17801008	13.748668	15.933902	-0.012079381443298787	0.7391907216494846	-0.012079381443298787	5.230541237113402	0.747220176730486	[0.992  0.9906 0.9808 0.9586 0.7958 0.5662 0.3844 0.977 ]	-0.040922627	[-0.4612817   0.05325166]
17	7	-0.19746023	0.19503167	13.551208	16.128933	0.004578350515463736	0.7437690721649484	0.004578350515463736	5.9743103092783505	0.7467887886597938	[0.9938 0.9918 0.9896 0.9668 0.8228 0.5542 0.3876 0.9888]	-0.037070483	[-0.46094665  0.05485711]
17	8	-0.07977924	-0.55522424	13.471428	15.573709	0.008839175257732146	0.7526082474226805	0.008839175257732146	6.7269185567010314	0.7474353951890035	[0.996  0.994  0.9872 0.9672 0.8148 0.5798 0.4084 0.9864]	-0.038538232	[-0.45959884  0.05678974]
17	9	-0.6932829	0.30879545	12.778145	15.8825035	0.014153608247422622	0.7667618556701031	0.014153608247422622	7.493680412371135	0.7493680412371135	[0.9942 0.9928 0.9928 0.9698 0.8362 0.5902 0.4434 0.9948]	-0.039945602	[-0.46194842  0.05447239]
17	10	-0.4274206	-0.6859749	12.350724	15.196528	0.0030752577319587138	0.7698371134020618	0.0030752577319587138	8.263517525773196	0.7512288659793814	[0.9948 0.9942 0.9948 0.9754 0.8438 0.6022 0.4398 0.9946]	-0.044874087	[-0.46055508  0.05301476]
17	11	-0.47751594	-0.046312064	11.873208	15.150216	0.007827835051546272	0.7776649484536081	0.007827835051546272	9.041182474226805	0.7534318728522337	[0.9946 0.993  0.9902 0.9694 0.8414 0.63   0.4586 0.9908]	-0.045318514	[-0.46180457  0.05276626]
17	12	-0.7029053	1.170722	11.170302	16.320938	0.001667010309278405	0.7793319587628865	0.001667010309278405	9.820514432989691	0.7554241871530532	[0.9908 0.9942 0.9898 0.9734 0.8462 0.6342 0.4572 0.9948]	-0.047845036	[-0.4632361   0.04918421]
17	13	-0.9204141	-0.53852004	10.249888	15.782418	-0.0071381443298969005	0.7721938144329896	-0.0071381443298969005	10.592708247422681	0.7566220176730487	[0.9932 0.9928 0.9876 0.9704 0.8478 0.6324 0.431  0.9942]	-0.047480553	[-0.4636416   0.04858471]
17	14	-0.48065978	-0.240302	9.769229	15.542116	0.011447422680412433	0.7836412371134021	0.011447422680412433	11.376349484536084	0.7584232989690722	[0.9876 0.9944 0.991  0.9722 0.8616 0.6338 0.4688 0.996 ]	-0.045223728	[-0.46466106  0.04883168]
18	0	-1.4193711	-0.03820064	13.580629	14.9618	-0.0029247422680410695	0.7447216494845361	-0.0029247422680410695	0.7447216494845361	0.7447216494845361	[0.9944 0.9918 0.9872 0.9626 0.817  0.5582 0.3946 0.9866]	-0.027128791	[-0.410008    0.05077276]
18	1	0.3347368	-0.28136805	13.915366	14.680431	-0.008357731958762993	0.7363639175257731	-0.008357731958762993	1.4810855670103091	0.7405427835051546	[0.9926 0.9934 0.9886 0.9546 0.803  0.54   0.3826 0.9864]	-0.025719946	[-0.40977117  0.05135888]
18	2	-0.34191185	0.15526678	13.573454	14.835698	0.013773195876288669	0.7501371134020618	0.013773195876288669	2.2312226804123707	0.7437408934707902	[0.9968 0.9914 0.9918 0.9642 0.8202 0.568  0.4018 0.994 ]	-0.023462718	[-0.4093308  0.051952 ]
18	3	-1.0576185	0.21676841	12.515836	15.052466	-0.002348453608247425	0.7477886597938144	-0.002348453608247425	2.979011340206185	0.7447528350515462	[0.993  0.9908 0.987  0.9566 0.8248 0.5666 0.4006 0.9872]	-0.026334098	[-0.41094613  0.05080406]
18	4	-0.53362924	0.7961559	11.982206	15.848622	0.023521649484536056	0.7713103092783504	0.023521649484536056	3.750321649484535	0.750064329896907	[0.994  0.9938 0.9918 0.9712 0.8546 0.603  0.4464 0.9894]	-0.027474677	[-0.40959394  0.04937256]
18	5	-1.0542488	0.6603898	10.927958	16.509012	-0.00028247422680416356	0.7710278350515463	-0.00028247422680416356	4.521349484536081	0.7535582474226802	[0.9864 0.9898 0.99   0.9702 0.8468 0.6188 0.4398 0.992 ]	-0.034419168	[-0.40972495  0.04725412]
18	6	-0.35631815	-0.4559474	10.571639	16.053064	0.011361855670103282	0.7823896907216495	0.011361855670103282	5.303739175257731	0.7576770250368188	[0.9908 0.9942 0.9924 0.9772 0.8566 0.6356 0.4616 0.9948]	-0.033494223	[-0.41105962  0.04511886]
18	7	-0.7913722	0.04680011	9.780267	16.099865	-0.006814432989690866	0.7755752577319587	-0.006814432989690866	6.0793144329896895	0.7599143041237112	[0.9922 0.9912 0.9882 0.9642 0.851  0.6224 0.4548 0.9936]	-0.03587452	[-0.41228116  0.04437372]
18	8	0.16496122	0.522591	9.945228	16.622456	0.01338556701030924	0.7889608247422679	0.01338556701030924	6.868275257731957	0.7631416953035508	[0.9914 0.9922 0.9884 0.9742 0.8626 0.6614 0.4702 0.9946]	-0.03505482	[-0.41129667  0.0440113 ]
18	9	-0.74258924	-0.23540078	9.202639	16.387054	0.001071134020618647	0.7900319587628866	0.001071134020618647	7.658307216494844	0.7658307216494844	[0.9936 0.9914 0.993  0.9752 0.8702 0.6458 0.4802 0.996 ]	-0.037760485	[-0.41391733  0.0413893 ]
18	10	-0.715415	0.4859218	8.487224	16.872976	0.008562886597938024	0.7985948453608246	0.008562886597938024	8.456902061855669	0.7688092783505153	[0.9834 0.9938 0.9926 0.9784 0.8744 0.6644 0.4992 0.9966]	-0.039342735	[-0.41150895  0.04322301]
18	11	-0.5059908	-0.21065736	7.9812326	16.66232	0.0084154639175259	0.8070103092783505	0.0084154639175259	9.263912371134019	0.7719926975945016	[0.9936 0.9932 0.9942 0.9818 0.8768 0.6792 0.517  0.9978]	-0.04143076	[-0.41143107  0.04030105]
18	12	-0.109428585	0.12787631	7.871804	16.790195	0.0036072164948453	0.8106175257731958	0.0036072164948453	10.074529896907215	0.7749638382236319	[0.996  0.9882 0.991  0.981  0.8816 0.6988 0.5186 0.9968]	-0.043215726	[-0.4128867   0.04057217]
18	13	-0.19963314	-0.058143944	7.672171	16.732052	0.0036999999999999256	0.8143175257731957	0.0036999999999999256	10.888847422680412	0.7777748159057437	[0.9954 0.9928 0.9938 0.9836 0.8904 0.6916 0.5308 0.9984]	-0.044224102	[-0.41403818  0.03939658]
18	14	-0.08858338	0.16200691	7.5835876	16.894058	-0.013592783505154471	0.8007247422680412	-0.013592783505154471	11.689572164948453	0.7793048109965636	[0.9952 0.993  0.992  0.979  0.8872 0.6684 0.4974 0.9964]	-0.045250136	[-0.41261578  0.04013059]
19	0	-0.50790817	0.2299867	14.492092	15.229987	0.0017680412371133825	0.7384164948453608	0.0017680412371133825	0.7384164948453608	0.7384164948453608	[0.9928 0.9898 0.9818 0.9538 0.8016 0.5644 0.3794 0.9826]	-0.011492945	[-0.38960022  0.12238756]
19	1	-0.6767103	0.020754054	13.815382	15.250741	0.011036082474226827	0.7494525773195876	0.011036082474226827	1.4878690721649483	0.7439345360824742	[0.9926 0.994  0.9922 0.9628 0.81   0.5704 0.4058 0.9848]	-0.011746578	[-0.39007652  0.12044564]
19	2	0.29115492	0.19595619	14.106537	15.446697	0.005898969072164917	0.7553515463917525	0.005898969072164917	2.243220618556701	0.747740206185567	[0.9932 0.992  0.9906 0.9714 0.822  0.5634 0.4252 0.9914]	-0.015012793	[-0.3891765   0.12143766]
19	3	-0.11654237	-0.57683504	13.989994	14.869863	-0.005472164948453595	0.7498793814432989	-0.005472164948453595	2.9931	0.748275	[0.9954 0.9924 0.9896 0.9548 0.8132 0.5718 0.4074 0.99  ]	-0.016636841	[-0.387097    0.12298706]
19	4	-0.39158124	-0.31869316	13.5984125	14.551169	0.005978350515463915	0.7558577319587628	0.005978350515463915	3.748957731958763	0.7497915463917526	[0.983  0.9928 0.9902 0.9642 0.8292 0.5802 0.4166 0.991 ]	-0.015098192	[-0.3895995   0.12011249]
19	5	-0.7593199	-0.10165704	12.839092	14.4495125	0.005297938144329883	0.7611556701030927	0.005297938144329883	4.510113402061855	0.7516855670103092	[0.9944 0.9946 0.9912 0.9714 0.836  0.5842 0.4244 0.9942]	-0.017353617	[-0.38790762  0.11906532]
19	6	-0.39611775	0.040741034	12.442974	14.490253	0.0003134020618555944	0.7614690721649483	0.0003134020618555944	5.271582474226804	0.7530832106038291	[0.9964 0.9958 0.9916 0.9756 0.837  0.5774 0.4266 0.9964]	-0.017777659	[-0.38916123  0.12095416]
19	7	-0.738648	0.3657461	11.704326	14.856	-0.006957731958762814	0.7545113402061855	-0.006957731958762814	6.02609381443299	0.7532617268041237	[0.9964 0.9926 0.9858 0.9672 0.819  0.5824 0.4126 0.9886]	-0.01731909	[-0.38883543  0.12226634]
19	8	-0.57170177	0.6614382	11.132624	15.517438	0.02083298969072156	0.775344329896907	0.02083298969072156	6.801438144329897	0.7557153493699885	[0.9902 0.9928 0.988  0.9694 0.8418 0.6112 0.4636 0.9944]	-0.015564598	[-0.39022925  0.12094506]
19	9	0.09762958	-0.29853654	11.230253	15.218902	-0.00815051546391754	0.7671938144329895	-0.00815051546391754	7.568631958762886	0.7568631958762886	[0.9946 0.993  0.9906 0.9634 0.8424 0.6056 0.4354 0.9922]	-0.022822984	[-0.38872927  0.11748631]
19	10	-0.6603503	-0.37758934	10.569902	14.841312	0.007940206185567122	0.7751340206185566	0.007940206185567122	8.343765979381443	0.7585241799437675	[0.994  0.9954 0.991  0.9758 0.8456 0.6172 0.4498 0.9962]	-0.020695038	[-0.38997418  0.11793945]
19	11	-0.82781374	-0.14471391	9.742088	14.696598	-0.001373195876288591	0.773760824742268	-0.001373195876288591	9.117526804123711	0.7597939003436426	[0.9956 0.9932 0.9886 0.97   0.8448 0.6264 0.4416 0.996 ]	-0.021390758	[-0.3907647   0.11841726]
19	12	-0.032705814	-0.032202438	9.709382	14.664395	0.01448556701030912	0.7882463917525772	0.01448556701030912	9.90577319587629	0.7619825535289453	[0.9948 0.9936 0.9918 0.9754 0.8662 0.6468 0.473  0.996 ]	-0.021005668	[-0.3921243   0.11697838]
19	13	-0.04256022	0.57066286	9.6668215	15.235058	-0.004161855670102965	0.7840845360824742	-0.004161855670102965	10.689857731958764	0.7635612665684831	[0.9862 0.9944 0.9924 0.9744 0.8594 0.6374 0.4682 0.9946]	-0.026556842	[-0.39105478  0.11576628]
19	14	-0.36896884	-0.18457161	9.2978525	15.050487	0.0018896907216494618	0.7859742268041237	0.0018896907216494618	11.475831958762887	0.7650554639175258	[0.9818 0.9954 0.9932 0.9788 0.8708 0.6546 0.4552 0.997 ]	-0.025606073	[-0.38984668  0.11549108]
