t_p	t_off	vol_flow	p_control	gamma_global	gamma_local[0]	gamma_local[1]	gamma_local[2]	gamma_local[3]	gamma_local[4]	gamma_local[5]	gamma_local[6]	gamma_local[7]
0.001	0.001	60.179310569824054	0.39332078462682857	0.7881278350515463	0.9998	0.9972	0.8572	0.9834	0.9724	0.6858	0.5556	0.7568
0.001	0.003	59.99085042205073	0.49656357864817957	0.8739804123711339	0.9772	0.9976	0.9704	0.99	0.9866	0.823	0.7172	0.8358
0.001	0.005	59.05961060365586	0.7972072427079496	0.9522855670103092	0.9992	0.9978	0.9804	0.9948	0.9966	0.9456	0.9034	0.898
0.001	0.007	59.866765208103864	2.031586944714363	0.9805164948453607	0.9986	0.998	0.9756	0.997	0.9998	0.981	0.98	0.9262
0.001	0.009000000000000001	59.33155181010018	2.8145472528460864	0.9807463917525772	0.9914	0.9928	0.9798	0.997	0.9996	0.9824	0.9888	0.9108
0.001	0.011	59.39751547739132	3.0829548244237603	0.9778278350515462	0.9974	0.9984	0.9792	0.997	0.9974	0.9668	0.984	0.9158
0.001	0.013000000000000001	60.20629852517834	3.595984299627134	0.9580134020618556	0.9948	0.9866	0.97	0.9954	0.9972	0.9132	0.9596	0.9022
0.001	0.015	59.995469037671285	3.937571030413341	0.9263185567010309	0.9968	0.993	0.9108	0.996	0.9912	0.8624	0.8998	0.8848
0.001	0.017	60.262291699165615	4.153229836271218	0.9114185567010309	0.991	0.9956	0.9708	0.9918	0.9894	0.83	0.8534	0.8554
0.001	0.019000000000000003	59.6747784109225	4.303997218376703	0.8878371134020618	0.994	0.9906	0.9606	0.9906	0.9844	0.7846	0.8086	0.8346
0.001	0.021	60.156536509917586	4.468430452059171	0.8567536082474226	0.9932	0.9912	0.9576	0.989	0.9788	0.7298	0.7444	0.7946
0.001	0.023	60.311748976500105	4.629846233235432	0.8399701030927834	0.9902	0.989	0.9456	0.9846	0.975	0.7124	0.7156	0.7566
0.001	0.025	59.984395470631526	4.759744666107452	0.8138185567010308	0.9904	0.9866	0.9424	0.9864	0.9618	0.6514	0.6672	0.744
0.003	0.001	59.525352713122224	0.33393252710452365	0.6986113402061855	0.9994	0.995	0.7834	0.962	0.8752	0.5364	0.419	0.6772
0.003	0.003	59.66905513690792	0.4173369490679281	0.8035505154639175	1.0	0.9948	0.9612	0.9814	0.963	0.667	0.5888	0.7712
0.003	0.005	59.78531885915862	0.613136578450877	0.9042082474226804	1.0	0.9958	0.957	0.9942	0.9926	0.8728	0.7944	0.8508
0.003	0.007	59.65214878392677	1.0307763309174545	0.9625082474226804	0.9994	0.996	0.981	0.9934	0.9988	0.956	0.9374	0.8988
0.003	0.009000000000000001	59.90023826554444	1.2492812081902929	0.9637020618556701	0.9986	0.9964	0.9624	0.9952	0.9972	0.9518	0.954	0.8974
0.003	0.011	59.482561481780515	1.857359750625015	0.9727567010309278	0.9978	0.9934	0.974	0.9944	0.9988	0.9672	0.977	0.8946
0.003	0.013000000000000001	59.76856169912703	1.923602755324287	0.9521907216494846	0.9966	0.9988	0.9246	0.9954	0.9966	0.9212	0.9488	0.8902
0.003	0.015	59.58146492489248	2.216237568088309	0.9469443298969072	0.9976	0.9962	0.9674	0.9938	0.9954	0.918	0.9132	0.8908
0.003	0.017	59.94203435821591	2.3700340452663435	0.9262391752577318	0.9968	0.9966	0.9458	0.9924	0.9964	0.8938	0.8744	0.8488
0.003	0.019000000000000003	59.54352563433446	3.1544668595637955	0.9059041237113401	0.9944	0.994	0.9652	0.9932	0.9922	0.8332	0.84	0.8302
0.003	0.021	60.16579437373384	2.971767948367077	0.9018783505154638	0.9944	0.9902	0.9632	0.9922	0.9918	0.8458	0.8176	0.8284
0.003	0.023	59.989398176766905	3.1324571877487313	0.8898494845360824	0.9936	0.9922	0.9616	0.9892	0.99	0.8142	0.7992	0.8172
0.003	0.025	60.25583992312081	3.2311376218808716	0.8758360824742267	0.9918	0.9878	0.9138	0.9888	0.9876	0.801	0.7816	0.803
0.005	0.001	59.40996986378339	0.3309837177359849	0.6960835051546392	1.0	0.9938	0.9248	0.9652	0.8684	0.5096	0.372	0.6746
0.005	0.003	59.7560819131757	0.4025326686187348	0.7910298969072163	0.9984	0.9952	0.8518	0.9796	0.9638	0.6834	0.5768	0.7598
0.005	0.005	59.68531234517971	0.5292117207373289	0.8729463917525772	0.9992	0.9972	0.9608	0.9884	0.9886	0.802	0.7412	0.8072
0.005	0.007	59.82332958880063	0.7089506930399229	0.9157030927835053	0.9986	0.9962	0.9748	0.9924	0.9908	0.856	0.853	0.8414
0.005	0.009000000000000001	59.44022893518582	0.8544380125526189	0.9234113402061855	0.9984	0.9964	0.964	0.9938	0.9896	0.876	0.8804	0.827
0.005	0.011	59.48507394373421	1.0310963444396435	0.9398948453608247	0.9988	0.9952	0.9536	0.9956	0.9936	0.9056	0.9084	0.8712
0.005	0.013000000000000001	60.06885423726644	1.2947476909240934	0.9357463917525775	0.9832	0.9946	0.9718	0.9946	0.9964	0.8898	0.903	0.861
0.005	0.015	59.428771277883826	1.4894241226011131	0.9254927835051545	0.994	0.9952	0.939	0.9934	0.9952	0.883	0.8784	0.8608
0.005	0.017	59.774551614265754	1.630709607740642	0.9146257731958761	0.9962	0.9956	0.9344	0.9948	0.9956	0.875	0.8522	0.834
0.005	0.019000000000000003	59.74041195190891	1.798718402971232	0.9069711340206185	0.9938	0.988	0.971	0.9944	0.9922	0.8626	0.8282	0.8154
0.005	0.021	59.41647243061832	2.004461577647101	0.8913206185567011	0.9958	0.9952	0.907	0.9922	0.99	0.8372	0.8034	0.8272
0.005	0.023	59.97840873195775	2.1912717127046117	0.8838979381443299	0.9904	0.9904	0.9322	0.9894	0.9884	0.818	0.7886	0.812
0.005	0.025	59.95770907912046	2.3945930605877286	0.8798164948453608	0.9808	0.9846	0.9242	0.9904	0.9844	0.8286	0.7764	0.804
0.007	0.001	59.682395158100135	0.3335149764211536	0.7310443298969072	1.0	0.9956	0.8696	0.9596	0.9182	0.5822	0.4496	0.7082
0.007	0.003	59.746895471457265	0.38232334351390235	0.7736670103092783	1.0	0.9962	0.9686	0.9792	0.9596	0.6236	0.527	0.7048
0.007	0.005	59.77804652418202	0.4617988969890534	0.8306195876288659	0.9994	0.9964	0.9438	0.9868	0.9766	0.7242	0.652	0.779
0.007	0.007	59.874989833847145	0.5827801954582891	0.8667556701030927	0.9992	0.998	0.975	0.9896	0.981	0.7672	0.7432	0.797
0.007	0.009000000000000001	59.764054183018395	0.6888750831364308	0.8877134020618556	0.999	0.9966	0.9732	0.9926	0.985	0.7952	0.7948	0.8236
0.007	0.011	59.66577607957187	0.7961298269418375	0.9063247422680412	0.9964	0.9962	0.9722	0.9922	0.9928	0.8394	0.8338	0.828
0.007	0.013000000000000001	59.80535507952041	0.9556103846435683	0.9068319587628866	0.9984	0.9966	0.943	0.9932	0.9926	0.842	0.8386	0.8432
0.007	0.015	59.5550134314447	1.1221744992739577	0.905981443298969	0.9768	0.9964	0.9584	0.9936	0.9924	0.8522	0.828	0.8372
0.007	0.017	59.662865241756975	1.2412861016205519	0.9006381443298969	0.996	0.996	0.9636	0.9928	0.9904	0.8378	0.8174	0.8252
0.007	0.019000000000000003	60.099832291718634	1.6506184043754129	0.9011319587628867	0.9956	0.9912	0.9686	0.9928	0.9946	0.8562	0.8074	0.8166
0.007	0.021	60.0393236651903	1.5503932146102342	0.8949030927835052	0.9946	0.9892	0.9674	0.9896	0.9936	0.8454	0.7952	0.8124
0.007	0.023	59.743710055318914	1.6890705666960282	0.881422680412371	0.9758	0.9944	0.963	0.99	0.9908	0.8328	0.7622	0.7938
0.007	0.025	59.90236663829865	1.823814104903848	0.8761762886597937	0.9904	0.986	0.9504	0.9884	0.9854	0.817	0.7636	0.789
0.009000000000000001	0.001	59.66231449821119	0.33341189601745347	0.7110546391752577	0.9998	0.994	0.9414	0.9602	0.8878	0.5382	0.4218	0.6228
0.009000000000000001	0.003	59.51767248036293	0.3689827360625396	0.7507144329896906	1.0	0.9962	0.9558	0.978	0.938	0.582	0.4866	0.6884
0.009000000000000001	0.005	59.86354487311891	0.4339203706776404	0.8113123711340205	1.0	0.9958	0.9586	0.9822	0.9706	0.6864	0.6122	0.7508
0.009000000000000001	0.007	59.65005532753814	0.5215752528522235	0.8391752577319588	0.9998	0.9976	0.94	0.9862	0.9784	0.722	0.6896	0.7788
0.009000000000000001	0.009000000000000001	59.928797497927505	0.6057703409874868	0.8544340206185568	0.9886	0.9964	0.9348	0.9906	0.9774	0.7454	0.7326	0.7916
0.009000000000000001	0.011	59.71491275072937	0.6855685430142975	0.8699896907216494	0.9962	0.997	0.8854	0.99	0.9854	0.7794	0.7764	0.8148
0.009000000000000001	0.013000000000000001	59.76136237114697	0.7969395178628585	0.8880216494845361	0.9976	0.9948	0.9624	0.9924	0.9864	0.8154	0.7954	0.802
0.009000000000000001	0.015	59.75281713917307	0.9144708474888095	0.8827721649484536	0.9972	0.9944	0.9416	0.9928	0.9904	0.8104	0.7898	0.7908
0.009000000000000001	0.017	59.45046289846217	1.0062039495676494	0.8838113402061853	0.995	0.9968	0.9734	0.9932	0.9894	0.8162	0.781	0.7792
0.009000000000000001	0.019000000000000003	59.84135647332533	1.1139900013360742	0.8914134020618556	0.9974	0.9936	0.9632	0.9934	0.9918	0.8432	0.7864	0.8002
0.009000000000000001	0.021	59.817693609252906	1.2338565612040815	0.8806319587628866	0.9962	0.9942	0.9668	0.9908	0.9858	0.8278	0.7644	0.781
0.009000000000000001	0.023	59.97759610801672	1.365090311805247	0.8720608247422679	0.9906	0.9922	0.9572	0.9874	0.9856	0.8102	0.7574	0.7648
0.009000000000000001	0.025	59.73115726174908	1.466777594400833	0.8651072164948455	0.993	0.9914	0.9626	0.9868	0.9814	0.8142	0.732	0.7496
0.011	0.001	59.3789949854121	0.33170639264552376	0.7097505154639174	0.9998	0.9948	0.9278	0.9586	0.891	0.539	0.4136	0.6384
0.011	0.003	59.74430365038857	0.37090761573101855	0.770640206185567	0.9992	0.9962	0.9444	0.973	0.9494	0.6452	0.518	0.699
0.011	0.005	59.62578140907267	0.4148554837988326	0.7956958762886597	1.0	0.9944	0.938	0.9768	0.963	0.6818	0.5868	0.7046
0.011	0.007	59.976791420471486	0.48738658194597245	0.8081185567010308	0.9998	0.997	0.9674	0.9826	0.9622	0.6406	0.6374	0.7416
0.011	0.009000000000000001	59.69241644292437	0.5505533860637386	0.8316855670103092	0.999	0.9952	0.9694	0.9862	0.9712	0.6802	0.6988	0.7422
0.011	0.011	59.65610396780756	0.6155573733994351	0.8638257731958763	0.9982	0.9974	0.947	0.9926	0.9836	0.7586	0.7468	0.799
0.011	0.013000000000000001	59.691111802793294	0.7007609139120828	0.8690164948453607	0.9976	0.995	0.9358	0.9926	0.9882	0.7878	0.7508	0.7968
0.011	0.015	59.71374936682922	0.7917352121229582	0.8710896907216494	0.9954	0.9936	0.9404	0.9924	0.9868	0.8048	0.748	0.7926
0.011	0.017	59.69440673220491	0.86994429434514	0.8714999999999999	0.9962	0.9934	0.965	0.992	0.9848	0.813	0.7438	0.7704
0.011	0.019000000000000003	59.88140669400799	1.0739553853925219	0.8748721649484537	0.985	0.995	0.9612	0.9922	0.987	0.8196	0.7622	0.7542
0.011	0.021	60.31469473191868	1.0600747913689672	0.8789484536082474	0.9878	0.9948	0.9654	0.9892	0.987	0.8324	0.7598	0.773
0.011	0.023	59.92084427370024	1.1460325589900122	0.8620298969072163	0.9802	0.9932	0.9538	0.9852	0.9836	0.803	0.731	0.7548
0.011	0.025	59.94859405859087	1.2380983069673637	0.8634546391752577	0.9922	0.9928	0.951	0.9842	0.981	0.8084	0.7338	0.7532
0.013000000000000001	0.001	59.527012875665875	0.3362021071999797	0.7063484536082474	1.0	0.9966	0.9014	0.9618	0.8822	0.5514	0.4068	0.6296
0.013000000000000001	0.003	59.98383679272522	0.3647805287101491	0.7465371134020619	0.9948	0.9958	0.913	0.9706	0.9374	0.6062	0.4814	0.6712
0.013000000000000001	0.005	59.73299201055147	0.40494167313892004	0.7680164948453607	0.9988	0.9942	0.957	0.9786	0.9508	0.6136	0.5338	0.677
0.013000000000000001	0.007	59.60472782401547	0.46020958795660716	0.802420618556701	0.994	0.9954	0.8896	0.982	0.9664	0.672	0.626	0.7356
0.013000000000000001	0.009000000000000001	59.74206735193659	0.5141899057150704	0.8221793814432988	0.9938	0.9962	0.961	0.9832	0.9658	0.6648	0.6774	0.7462
0.013000000000000001	0.011	59.73240635062036	0.5689995819068638	0.8400020618556702	0.9992	0.9952	0.9522	0.989	0.9726	0.7116	0.7042	0.7654
0.013000000000000001	0.013000000000000001	59.6750323560048	0.6347964720546635	0.8480144329896907	0.9974	0.9948	0.972	0.9906	0.975	0.734	0.7134	0.759
0.013000000000000001	0.015	59.73764554300167	0.7112908640528066	0.8634103092783504	0.9976	0.9954	0.971	0.9894	0.983	0.7754	0.7372	0.7708
0.013000000000000001	0.017	59.803528267068316	0.7792898138610905	0.8652329896907216	0.995	0.995	0.8916	0.9914	0.9876	0.8132	0.7464	0.7732
0.013000000000000001	0.019000000000000003	59.699918915341236	0.9332836013490501	0.8733123711340207	0.9938	0.9932	0.967	0.9876	0.985	0.8152	0.7438	0.7868
0.013000000000000001	0.021	60.21808472118134	0.929913917719356	0.8664226804123709	0.99	0.9942	0.9618	0.99	0.9846	0.8068	0.739	0.7522
0.013000000000000001	0.023	60.142075957489894	0.9993851424762714	0.8651072164948452	0.9932	0.991	0.9428	0.9906	0.9808	0.8256	0.7276	0.756
0.013000000000000001	0.025	59.918527030576385	1.07187141314886	0.8546123711340204	0.9916	0.9892	0.8902	0.9822	0.9738	0.8136	0.727	0.7482
0.015	0.001	59.57267368136357	0.33859066177648534	0.7128453608247421	0.9996	0.9936	0.9482	0.959	0.8904	0.5352	0.4258	0.6282
0.015	0.003	59.69454005333655	0.36063955975040507	0.7435298969072165	0.9972	0.9932	0.9386	0.9762	0.944	0.5846	0.4704	0.6704
0.015	0.005	59.82204716967023	0.39684717586159074	0.7729690721649483	1.0	0.9938	0.9496	0.9736	0.9484	0.6394	0.5356	0.6884
0.015	0.007	59.7775687918213	0.4416659878139194	0.785741237113402	0.9998	0.9952	0.9578	0.9816	0.9604	0.6132	0.5852	0.7122
0.015	0.009000000000000001	59.688589816654236	0.4883912101499147	0.8066979381443299	0.9994	0.9952	0.9632	0.9796	0.9638	0.6406	0.6404	0.729
0.015	0.011	59.84096920815973	0.5353055237550342	0.820819587628866	0.9914	0.9964	0.9176	0.9884	0.9704	0.6974	0.6602	0.7492
0.015	0.013000000000000001	59.682231681299434	0.5881691962675585	0.8434463917525773	0.999	0.9956	0.9596	0.988	0.9796	0.7406	0.691	0.764
0.015	0.015	59.56472521850947	0.6502240523817368	0.8431350515463917	0.9942	0.9954	0.8872	0.9894	0.9792	0.7668	0.709	0.7464
0.015	0.017	59.685213941594945	0.7055462686576557	0.8510340206185565	0.9964	0.993	0.9648	0.9894	0.978	0.7648	0.7152	0.7374
0.015	0.019000000000000003	59.8627211407602	0.8339497876277961	0.857079381443299	0.995	0.9938	0.9244	0.9892	0.985	0.8038	0.7198	0.748
0.015	0.021	60.022022108907045	0.8330874974476773	0.8597845360824742	0.9946	0.9946	0.965	0.9874	0.9832	0.8174	0.71	0.7358
0.015	0.023	59.73791377167453	0.8954669329798639	0.8534422680412371	0.9948	0.9874	0.9262	0.9874	0.9772	0.807	0.7128	0.7382
0.015	0.025	59.81750315001129	0.960924221378368	0.8512350515463917	0.9842	0.9926	0.9348	0.9826	0.9752	0.7964	0.7118	0.7366
0.017	0.001	60.38726730961209	0.3476572605871577	0.7120041237113401	1.0	0.9946	0.9076	0.9616	0.902	0.5556	0.4168	0.6296
0.017	0.003	59.766882489640324	0.3583158563765771	0.7390041237113402	1.0	0.9946	0.956	0.9706	0.9282	0.577	0.4694	0.645
0.017	0.005	59.412893399396374	0.3879782720671373	0.7628979381443297	0.999	0.9942	0.9462	0.9744	0.9404	0.6074	0.5348	0.6622
0.017	0.007	59.806070885786085	0.42774333006072085	0.7820082474226804	0.9992	0.9934	0.956	0.9824	0.9566	0.6148	0.5774	0.699
0.017	0.009000000000000001	59.540287823741984	0.4672424239099397	0.7911536082474226	0.9988	0.995	0.9608	0.9806	0.9528	0.641	0.5942	0.7004
0.017	0.011	59.98244327310433	0.5108415684706406	0.8178721649484536	0.9976	0.9952	0.9674	0.9884	0.9772	0.673	0.6488	0.7336
0.017	0.013000000000000001	59.87887201069809	0.5562888111916725	0.8265577319587628	0.9982	0.9952	0.9688	0.9896	0.9762	0.6994	0.6638	0.7332
0.017	0.015	59.91488292639306	0.6085501452473693	0.8339072164948454	0.9984	0.9948	0.9342	0.9874	0.9786	0.722	0.6848	0.7484
0.017	0.017	59.74139598632469	0.6584697201721698	0.8384309278350514	0.9926	0.9916	0.959	0.9858	0.9762	0.7418	0.6892	0.7324
0.017	0.019000000000000003	59.643684495301386	0.7580925254530197	0.8492742268041236	0.9816	0.9958	0.9424	0.9892	0.9798	0.7846	0.7034	0.7378
0.017	0.021	59.85294586501375	0.7609280430777854	0.8529340206185567	0.9958	0.9918	0.9188	0.988	0.98	0.794	0.7226	0.733
0.017	0.023	59.7872662963492	0.8172281908945593	0.8578309278350514	0.9948	0.9904	0.9614	0.982	0.9746	0.811	0.7192	0.7288
0.017	0.025	59.7248673734254	0.8744449122869116	0.8453865979381442	0.9946	0.993	0.9306	0.9882	0.978	0.7988	0.6846	0.73
0.019000000000000003	0.001	60.0447422054481	0.3450140660116331	0.7090721649484536	1.0	0.9948	0.9238	0.959	0.8834	0.5334	0.43	0.6156
0.019000000000000003	0.003	60.175615677375326	0.3591531027132342	0.741340206185567	0.9996	0.9954	0.9298	0.9682	0.919	0.5948	0.4824	0.6424
0.019000000000000003	0.005	59.781279555369565	0.3820630114840719	0.7573319587628866	1.0	0.9964	0.9476	0.9766	0.9474	0.6158	0.5	0.6616
0.019000000000000003	0.007	59.70857842204925	0.4114855650789126	0.7618845360824742	0.9962	0.9964	0.9074	0.9778	0.9448	0.5958	0.5318	0.7082
0.019000000000000003	0.009000000000000001	59.84606555708646	0.4550712645471951	0.7711711340206185	0.999	0.9966	0.9534	0.9742	0.9406	0.5974	0.5618	0.6862
0.019000000000000003	0.011	59.913011673475694	0.4910763256082981	0.8056381443298968	0.997	0.9958	0.9352	0.9868	0.966	0.6696	0.6252	0.7218
0.019000000000000003	0.013000000000000001	59.54305105702341	0.5273225160346987	0.819601030927835	0.997	0.9932	0.9494	0.9838	0.9708	0.7102	0.6396	0.7362
0.019000000000000003	0.015	59.74648598560545	0.5751587049595881	0.8194649484536082	0.9966	0.9926	0.9594	0.9838	0.9704	0.6822	0.6554	0.7392
0.019000000000000003	0.017	59.70805148744874	0.6167347378628888	0.83429793814433	0.9896	0.9956	0.949	0.9898	0.9772	0.746	0.6682	0.7364
0.019000000000000003	0.019000000000000003	59.75936255912219	0.6616551190321337	0.8371051546391751	0.9888	0.9934	0.9302	0.9864	0.9732	0.753	0.684	0.7424
0.019000000000000003	0.021	59.88189871147394	0.7060001456611594	0.8411577319587629	0.993	0.9888	0.9532	0.9858	0.972	0.7726	0.6816	0.7338
0.019000000000000003	0.023	59.682163434110265	0.7576591417838132	0.8450855670103093	0.9966	0.9906	0.9558	0.9852	0.9756	0.7892	0.6886	0.7172
0.019000000000000003	0.025	59.78132716956627	0.808196060001494	0.8369546391752577	0.9904	0.9894	0.955	0.9818	0.9674	0.7764	0.6732	0.7144
0.021	0.001	59.82591347382144	0.34784769255678955	0.7146134020618555	0.9998	0.996	0.932	0.9608	0.8794	0.5586	0.4192	0.641
0.021	0.003	59.59446529216652	0.3539197573314847	0.7344154639175258	1.0	0.9954	0.9196	0.9738	0.9236	0.5908	0.4534	0.65
0.021	0.005	60.14791509440938	0.38018807620452	0.7561608247422681	0.9996	0.9956	0.9534	0.9734	0.945	0.5966	0.512	0.6576
0.021	0.007	59.816969866267584	0.4069432138516913	0.7589278350515464	0.9966	0.9964	0.9498	0.975	0.939	0.5882	0.5332	0.6584
0.021	0.009000000000000001	59.71226855327695	0.4391242104559957	0.7737484536082473	0.9978	0.995	0.9526	0.9768	0.9478	0.6088	0.5584	0.6916
0.021	0.011	59.71535239148621	0.47407540778703666	0.7945969072164948	0.9942	0.9956	0.9572	0.9852	0.9678	0.641	0.6034	0.698
0.021	0.013000000000000001	59.830524153916144	0.5093797364845445	0.8097731958762886	0.997	0.995	0.9678	0.983	0.965	0.684	0.6294	0.7002
0.021	0.015	59.59413833871689	0.5474514487341697	0.8197288659793814	0.9972	0.9958	0.948	0.9858	0.9714	0.7032	0.6508	0.7206
0.021	0.017	59.74159120620179	0.5887833971461914	0.8226907216494845	0.9976	0.9924	0.9546	0.9872	0.9724	0.7188	0.6512	0.7148
0.021	0.019000000000000003	59.69865554110196	0.6231059899176292	0.8374360824742267	0.9952	0.993	0.9636	0.9848	0.9752	0.7468	0.6858	0.7172
0.021	0.021	59.527300150784484	0.6628334476411333	0.8360917525773195	0.9956	0.9932	0.937	0.9876	0.9726	0.7638	0.6816	0.7098
0.021	0.023	59.76751417659218	0.7111651451580878	0.8403206185567009	0.9936	0.9918	0.9584	0.9882	0.9764	0.7656	0.6862	0.7132
0.021	0.025	59.83004800720123	0.7564248485260102	0.8313185567010308	0.987	0.9886	0.9234	0.9796	0.968	0.7558	0.6776	0.7218
0.023	0.001	59.65682294830836	0.336615362269648	0.7026896907216493	1.0	0.9952	0.9254	0.9618	0.8928	0.5228	0.4144	0.5962
0.023	0.003	60.06484032538367	0.3505485231602445	0.7359938144329897	0.9998	0.9948	0.9264	0.967	0.9148	0.6002	0.469	0.6226
0.023	0.005	59.73396176120816	0.37346109647393455	0.7413907216494845	0.9996	0.9962	0.9388	0.9708	0.9274	0.5814	0.48	0.6514
0.023	0.007	59.52830164396482	0.39995782939557245	0.7648371134020618	0.997	0.9932	0.9454	0.975	0.936	0.5974	0.5522	0.6646
0.023	0.009000000000000001	59.934685835809994	0.4332934606169899	0.7685329896907215	0.9992	0.9966	0.9602	0.9754	0.9454	0.5952	0.5438	0.6936
0.023	0.011	59.64762222180883	0.4613486774755395	0.7856247422680411	0.9968	0.9942	0.95	0.9844	0.9612	0.6336	0.5866	0.6794
0.023	0.013000000000000001	59.663239807674685	0.49118913765366634	0.7978505154639175	0.999	0.9956	0.9602	0.9826	0.9664	0.6696	0.5954	0.6956
0.023	0.015	59.90675670320133	0.5300028637682589	0.813840206185567	0.9914	0.9938	0.9624	0.9884	0.974	0.694	0.6364	0.7002
0.023	0.017	59.73741858071805	0.5614926820019621	0.8180927835051547	0.9966	0.9936	0.956	0.9844	0.9646	0.7106	0.6448	0.7088
0.023	0.019000000000000003	60.038255510843186	0.63185093355423	0.8321690721649485	0.9964	0.991	0.9466	0.9844	0.9756	0.7458	0.679	0.703
0.023	0.021	59.93831565495532	0.6355994776260459	0.8334381443298969	0.9964	0.9898	0.9448	0.9792	0.9728	0.7554	0.6796	0.7074
0.023	0.023	59.62325307448077	0.672201120929306	0.8279762886597939	0.995	0.9942	0.9562	0.98	0.9724	0.7506	0.662	0.6898
0.023	0.025	59.65412796213226	0.7109239568691147	0.833758762886598	0.9958	0.9848	0.929	0.9818	0.9696	0.7698	0.676	0.7144
0.025	0.001	59.454018120746305	0.3327828058810149	0.7106855670103092	1.0	0.9938	0.9428	0.963	0.8866	0.5516	0.417	0.6044
0.025	0.003	59.536707206105426	0.35264575120677244	0.724981443298969	0.9998	0.9936	0.9294	0.966	0.9102	0.5572	0.4648	0.6076
0.025	0.005	59.972656886961914	0.3709950472547561	0.7422680412371134	0.9996	0.9964	0.9464	0.9674	0.9288	0.587	0.4816	0.6408
0.025	0.007	59.716239609875146	0.38341677152093284	0.7454412371134019	0.9996	0.996	0.9548	0.97	0.923	0.566	0.5116	0.6344
0.025	0.009000000000000001	59.66143521495681	0.41944369440937773	0.7596134020618556	0.9988	0.9962	0.9358	0.9782	0.9398	0.607	0.5272	0.6546
0.025	0.011	59.697673093569875	0.4498000583441755	0.7833938144329895	0.9976	0.995	0.931	0.98	0.9604	0.6244	0.5894	0.6902
0.025	0.013000000000000001	59.916287557154384	0.4811256925859353	0.8024360824742267	0.9982	0.9952	0.9542	0.9842	0.961	0.6778	0.6164	0.687
0.025	0.015	59.80094438144978	0.5104421238049824	0.8077742268041236	0.9978	0.9938	0.9622	0.9824	0.969	0.6936	0.6266	0.6744
0.025	0.017	59.67361026662621	0.541557406914402	0.8131061855670101	0.9952	0.9942	0.956	0.986	0.9668	0.7052	0.6392	0.681
0.025	0.019000000000000003	59.63870559606019	0.6006638948195937	0.8187371134020617	0.997	0.993	0.9468	0.9832	0.9662	0.7226	0.6496	0.6922
0.025	0.021	59.743389449992605	0.6059519729823976	0.8251051546391752	0.9872	0.994	0.9374	0.9846	0.9692	0.7456	0.66	0.6968
0.025	0.023	59.91108486897235	0.642792962728513	0.821241237113402	0.9934	0.9902	0.9466	0.9806	0.9662	0.7332	0.6572	0.6872
0.025	0.025	59.960315184129236	0.679149822799815	0.8247041237113402	0.9934	0.9922	0.9528	0.9816	0.959	0.7474	0.6536	0.701
