timestep_reward_type: delta_gamma
timestep_factor: 1
episode_reward_type: gamma_global
episode_factor: 0
tp/toff_init: [15, 15]
std: 0.4
num_episodes: 500
num_timesteps: 15
model_reload: no

episode	episode_reward	reward_last_timestep	gamma_global_last_timestep	loss	actor_loss	critic_loss	entropy
0	0.8249719928329904	-0.006518256	0.8249719928329904	0.019952765	0.020408664	4.674835e-05	-0.00050264783
1	0.8005571686932453	0.001150984	0.8005571686932453	0.009909447	0.010389549	2.2546245e-05	-0.00050264783
2	0.8129998068433214	0.0023204486	0.8129998068433214	0.021083824	0.021537721	4.8750375e-05	-0.00050264783
3	0.7566392500267233	-0.005154726	0.7566392500267233	0.03086084	0.031077525	0.0002859618	-0.00050264783
4	0.7591586936944801	-0.0023057433	0.7591586936944801	0.022898162	0.023279872	0.000120937475	-0.00050264783
5	0.7816918113489505	-0.004841415	0.7816918113489505	0.019794159	0.020235475	6.133046e-05	-0.00050264783
6	0.7734249668698486	-0.0053399163	0.7734249668698486	0.020722473	0.021189297	3.5824225e-05	-0.00050264783
7	0.7821714340259236	-0.003600945	0.7821714340259236	0.013072385	0.013481433	9.360057e-05	-0.00050264783
8	0.8007372905235492	-0.005968357	0.8007372905235492	-0.0004858604	-3.0001067e-05	4.67885e-05	-0.00050264783
9	0.8534127481738415	0.0007767503	0.8534127481738415	-0.01460744	-0.014134282	2.9490377e-05	-0.00050264783
10	0.866238702753866	0.0019787098	0.866238702753866	-0.011998373	-0.011514923	1.9197723e-05	-0.00050264783
11	0.8554483670652672	0.005950507	0.8554483670652672	-0.013500459	-0.0130151855	1.7374763e-05	-0.00050264783
12	0.8627060760964127	-0.008146828	0.8627060760964127	-0.018063152	-0.01762248	6.197536e-05	-0.00050264783
13	0.8518255524026881	0.0067512514	0.8518255524026881	-0.006925716	-0.0064387163	1.5648291e-05	-0.00050264783
14	0.9162472730822088	0.00218335	0.9162472730822088	-0.020693358	-0.02039117	0.00020045927	-0.00050264783
15	0.9076681287200599	0.008325406	0.9076681287200599	-0.0076426794	-0.007225922	8.589045e-05	-0.00050264783
16	0.9139355448744818	0.013708027	0.9139355448744818	-0.017748106	-0.017360155	0.000114695635	-0.00050264783
17	0.9050486092807737	0.0044999365	0.9050486092807737	-0.019937111	-0.019588524	0.0001540605	-0.00050264783
18	0.9298092616385645	0.004922641	0.9298092616385645	-0.022750864	-0.022302859	5.464286e-05	-0.00050264783
19	0.9224162410977571	0.011715022	0.9224162410977571	-0.019211538	-0.018730374	2.1483067e-05	-0.00050264783
20	0.9247428509510516	0.011207053	0.9247428509510516	-0.026728062	-0.0262734	4.798634e-05	-0.00050264783
21	0.9513761731406178	0.010500581	0.9513761731406178	-0.028360868	-0.027939921	8.170046e-05	-0.00050264783
22	0.9045703637957017	0.0030751359	0.9045703637957017	-0.015696712	-0.015217172	2.3107552e-05	-0.00050264783
23	0.9124892662879832	0.00035046393	0.9124892662879832	-0.007644222	-0.0071710236	2.9449284e-05	-0.00050264783
24	0.9310948106650951	0.01925542	0.9310948106650951	-0.02721474	-0.02680393	9.1838374e-05	-0.00050264783
25	0.9567537191981637	0.014509098	0.9567537191981637	-0.04019182	-0.039925117	0.00023594014	-0.00050264783
26	0.9464841684188775	0.012193527	0.9464841684188775	-0.029383358	-0.02893297	5.226045e-05	-0.00050264783
27	0.9467408245484867	0.009794047	0.9467408245484867	-0.026536504	-0.026088184	5.4327615e-05	-0.00050264783
28	0.9316036467399857	-0.010326573	0.9316036467399857	-0.016534844	-0.016052643	2.0445656e-05	-0.00050264783
29	0.9392779807996127	0.036124118	0.9392779807996127	-0.021425577	-0.020946227	2.3298815e-05	-0.00050264783
30	0.9782883536419374	0.0039084116	0.9782883536419374	-0.02759349	-0.027169833	7.899135e-05	-0.00050264783
31	0.9745462744707202	0.0043292404	0.9745462744707202	-0.04851512	-0.0489014	0.0008889317	-0.00050264783
32	0.9763414109612775	0.0063586244	0.9763414109612775	-0.0224059	-0.02196766	6.440877e-05	-0.00050264783
33	0.9656501934485763	-0.0006240014	0.9656501934485763	-0.012737189	-0.012296231	6.168951e-05	-0.00050264783
34	0.947629754493248	-0.0008128691	0.947629754493248	-0.005863677	-0.0054012486	4.0219762e-05	-0.00050264783
35	0.9740765626294232	0.010235799	0.9740765626294232	-0.024809076	-0.024368815	6.238678e-05	-0.00050264783
36	0.9596984567281635	0.007232874	0.9596984567281635	0.024134813	0.024463471	0.00017398913	-0.00050264783
37	0.9662500868177133	0.0029782325	0.9662500868177133	0.0063015823	0.0066310586	0.00017317166	-0.00050264783
38	0.9703024003453028	0.009596023	0.9703024003453028	-0.007954334	-0.007460685	8.998684e-06	-0.00050264783
39	0.9614318599591216	0.01463185	0.9614318599591216	-0.0024071932	-0.0019145384	9.993256e-06	-0.00050264783
40	0.9174154909160139	0.024362724	0.9174154909160139	0.0031557963	0.0036512278	7.2163266e-06	-0.00050264783
41	0.9669103878662528	0.007343509	0.9669103878662528	-0.012382252	-0.011911547	3.19421e-05	-0.00050264783
42	0.9713932241613978	0.012137352	0.9713932241613978	-0.013876127	-0.013404561	3.108153e-05	-0.00050264783
43	0.9362851183657394	-0.0070056524	0.9362851183657394	0.015738197	0.01593512	0.0003057245	-0.00050264783
44	0.946645131207825	0.0050769155	0.946645131207825	-0.004090715	-0.0036281918	4.0124658e-05	-0.00050264783
45	0.969263926200708	0.0073696296	0.969263926200708	-0.021940548	-0.021519601	8.170192e-05	-0.00050264783
46	0.9738268169916872	0.013194139	0.9738268169916872	-0.017681407	-0.017199095	2.0336836e-05	-0.00050264783
47	0.9783596755064436	0.014075222	0.9783596755064436	-0.0011458306	-0.00067450333	3.1320484e-05	-0.00050264783
48	0.9789178194325101	0.013989759	0.9789178194325101	-0.017725503	-0.017271824	4.8968264e-05	-0.00050264783
49	0.9760793562589959	0.014197857	0.9760793562589959	-0.0046258457	-0.004138324	1.5126025e-05	-0.00050264783
50	0.9745778947341158	0.015205117	0.9745778947341158	0.008871138	0.009330992	4.2794214e-05	-0.00050264783
51	0.9687608219414385	0.018711772	0.9687608219414385	-0.012475913	-0.011983493	1.02273425e-05	-0.00050264783
52	0.9676866627157142	0.014084231	0.9676866627157142	0.009517922	0.010010474	1.0095282e-05	-0.00050264783
53	0.9777728317062532	0.008595161	0.9777728317062532	0.0009976982	0.0014586095	4.1736574e-05	-0.00050264783
54	0.9677623676039171	0.0020215663	0.9677623676039171	0.002328488	0.0027718444	5.9291535e-05	-0.00050264783
55	0.95335083865997	-0.0007238148	0.95335083865997	0.012457849	0.0129047055	5.5791672e-05	-0.00050264783
56	0.9782148318086447	0.013616276	0.9782148318086447	-0.020224435	-0.019861178	0.00013939195	-0.00050264783
57	0.9658351123397853	0.013793356	0.9658351123397853	-0.008453688	-0.007960197	9.157115e-06	-0.00050264783
58	0.9711853446100762	0.0059969337	0.9711853446100762	0.0048407936	0.0053218114	2.1630007e-05	-0.00050264783
59	0.9443656166711747	0.0022004927	0.9443656166711747	-0.00017926417	0.00031938747	3.996194e-06	-0.00050264783
60	0.9635002123866173	0.013899422	0.9635002123866173	-0.011102743	-0.010661242	6.114631e-05	-0.00050264783
61	0.970036881390607	0.020366019	0.970036881390607	-0.008718336	-0.008227577	1.1889655e-05	-0.00050264783
62	0.9801309883779671	0.014623234	0.9801309883779671	-0.013297074	-0.01280794	1.351418e-05	-0.00050264783
63	0.9596166214157718	0.0058743367	0.9596166214157718	-0.008799996	-0.008321514	2.41663e-05	-0.00050264783
64	0.9232730038254587	-0.005349153	0.9232730038254587	-0.0026873986	-0.0022042692	1.951833e-05	-0.00050264783
65	0.9792826228255185	0.010938882	0.9792826228255185	0.0017173621	0.002215492	4.5178945e-06	-0.00050264783
66	0.9778595641304266	0.018624686	0.9778595641304266	0.001160468	0.0016410891	2.2026734e-05	-0.00050264783
67	0.978109256637086	0.014238365	0.978109256637086	0.0015470707	0.0020405152	9.203255e-06	-0.00050264783
68	0.9683475933595568	0.002026492	0.9683475933595568	0.006798842	0.007271521	2.9969258e-05	-0.00050264783
69	0.9750535135929744	0.014599222	0.9750535135929744	-0.0116307605	-0.011148432	2.0319427e-05	-0.00050264783
70	0.9804510574391595	0.022184847	0.9804510574391595	-0.0067969575	-0.0063644657	7.0156166e-05	-0.00050264783
71	0.9643515469130736	0.008529255	0.9643515469130736	0.00877542	0.009176018	0.0001020496	-0.00050264783
72	0.9533346240434465	0.011547149	0.9533346240434465	-0.0030821979	-0.002602126	2.2575905e-05	-0.00050264783
73	0.9664595472840262	-3.497774e-05	0.9664595472840262	0.0020658057	0.0025535678	1.4885745e-05	-0.00050264783
74	0.9701246841365432	0.0037317728	0.9701246841365432	0.00060806586	0.0010994824	1.1231226e-05	-0.00050264783
75	0.981472820730641	0.024618823	0.981472820730641	-0.0177649	-0.017312672	5.0420116e-05	-0.00050264783
76	0.9788988569983638	0.020954067	0.9788988569983638	-0.0014799311	-0.0009904098	1.31265e-05	-0.00050264783
77	0.9542179497690579	0.004264761	0.9542179497690579	0.018953806	0.019367522	8.893203e-05	-0.00050264783
78	0.945470157267467	-0.0048408387	0.945470157267467	-0.0029927213	-0.002514254	2.4180667e-05	-0.00050264783
79	0.8399130966413076	0.01645269	0.8399130966413076	0.07902804	0.078195825	0.0013348607	-0.00050264783
80	0.9783940267653554	0.023190582	0.9783940267653554	-0.015958913	-0.015728574	0.00027230833	-0.00050264783
81	0.9148787729232639	0.009548654	0.9148787729232639	0.0018604279	0.0023143117	4.8764115e-05	-0.00050264783
82	0.9808993127919154	0.013862975	0.9808993127919154	-0.020087859	-0.01969118	0.00010596898	-0.00050264783
83	0.9696560519535014	0.011259362	0.9696560519535014	-0.009207608	-0.008710576	5.615572e-06	-0.00050264783
84	0.9507977509330171	0.008458352	0.9507977509330171	-0.008983394	-0.008511136	3.0389681e-05	-0.00050264783
85	0.9682238325611692	0.0014933044	0.9682238325611692	-0.05778434	-0.058728416	0.0014467237	-0.00050264783
86	0.9801877420536663	0.010751897	0.9801877420536663	-0.011711081	-0.011244991	3.655839e-05	-0.00050264783
87	0.9811042029064885	0.0039641354	0.9811042029064885	-0.0021992875	-0.0017740171	7.737748e-05	-0.00050264783
88	0.9807818713182429	0.012333413	0.9807818713182429	0.0017957226	0.002290147	8.223695e-06	-0.00050264783
89	0.971927648331953	0.015988449	0.971927648331953	-0.015736979	-0.015257659	2.3328234e-05	-0.00050264783
90	0.9771500373754752	0.018868912	0.9771500373754752	0.00580679	0.0062846066	2.483144e-05	-0.00050264783
91	0.9638105848246492	0.018374735	0.9638105848246492	-0.002677541	-0.002175474	5.8093997e-07	-0.00050264783
92	0.9533257003370088	-0.011952494	0.9533257003370088	0.010627358	0.010962202	0.0001678041	-0.00050264783
93	0.9782916473883678	0.0057290643	0.9782916473883678	-0.012241969	-0.011772306	3.2984484e-05	-0.00050264783
94	0.9660555437555846	0.017646553	0.9660555437555846	-0.0043944195	-0.003915517	2.3745692e-05	-0.00050264783
95	0.9623088526924891	0.017646082	0.9623088526924891	-0.008741944	-0.008262871	2.357453e-05	-0.00050264783
96	0.9701587375708847	0.007108349	0.9701587375708847	0.007410234	0.007887287	2.559484e-05	-0.00050264783
97	0.980492470859541	0.008177985	0.980492470859541	-0.008826751	-0.008338897	1.4793079e-05	-0.00050264783
98	0.979196464615155	0.018965276	0.979196464615155	-0.0072528385	-0.0067651784	1.4987677e-05	-0.00050264783
99	0.9750230592751116	0.015248615	0.9750230592751116	-0.0069624907	-0.0064650313	5.18857e-06	-0.00050264783
100	0.973582970954663	0.0064826813	0.973582970954663	0.0038753096	0.004325426	5.253126e-05	-0.00050264783
101	0.9773413696315288	0.0061999317	0.9773413696315288	-0.013759784	-0.013335923	7.878623e-05	-0.00050264783
102	0.9592407714705723	0.020577103	0.9592407714705723	0.007703013	0.008161532	4.4129025e-05	-0.00050264783
103	0.9497600509434372	0.00912454	0.9497600509434372	-0.003398814	-0.0029281662	3.1999934e-05	-0.00050264783
104	0.9761683291867684	0.017844316	0.9761683291867684	-0.010233177	-0.009772785	4.225556e-05	-0.00050264783
105	0.9810813911991271	0.0022829229	0.9810813911991271	-0.0036612554	-0.0031899014	3.12939e-05	-0.00050264783
106	0.9783182094534874	0.010837448	0.9783182094534874	-0.0025319697	-0.0020482508	1.8928802e-05	-0.00050264783
107	0.9759777380616053	0.007957386	0.9759777380616053	0.0051678065	0.005652141	1.8313318e-05	-0.00050264783
108	0.966880109074134	0.009723503	0.966880109074134	0.000788799	0.0012783619	1.3084924e-05	-0.00050264783
109	0.9800241321625296	0.008691812	0.9800241321625296	-0.0018341868	-0.0013474878	1.5948837e-05	-0.00050264783
110	0.9793369519680805	0.019735826	0.9793369519680805	-0.005341024	-0.0048656287	2.7252536e-05	-0.00050264783
111	0.9702336392661771	0.003846904	0.9702336392661771	0.009557022	0.010049867	9.802177e-06	-0.00050264783
112	0.9813854739102578	0.010671419	0.9813854739102578	-0.008938528	-0.008444027	8.147647e-06	-0.00050264783
113	0.9534822994042074	0.0070812358	0.9534822994042074	0.0018627618	0.0023455673	1.9842348e-05	-0.00050264783
114	0.9759672869957713	-0.0016247553	0.9759672869957713	0.006461332	0.006947212	1.6767954e-05	-0.00050264783
115	0.9721493492981469	0.005562044	0.9721493492981469	0.0057766326	0.0062761614	3.1192103e-06	-0.00050264783
116	0.9714303806914657	0.013752438	0.9714303806914657	-0.0023133243	-0.0018277403	1.7063936e-05	-0.00050264783
117	0.9813175707159632	0.00586793	0.9813175707159632	-0.0068229986	-0.006324523	4.17255e-06	-0.00050264783
118	0.9769924327301596	0.023926632	0.9769924327301596	0.0013607927	0.0018566877	6.7527426e-06	-0.00050264783
119	0.9513969867703138	0.020661792	0.9513969867703138	-0.0020982525	-0.001597542	1.9374124e-06	-0.00050264783
120	0.9801441745581045	0.008169833	0.9801441745581045	-0.0070877615	-0.0066049946	1.9880734e-05	-0.00050264783
121	0.9793783391250955	0.00061893073	0.9793783391250955	-0.0016922599	-0.0012298754	4.026326e-05	-0.00050264783
122	0.9764929385267157	0.011237987	0.9764929385267157	0.0011389117	0.001637442	4.117532e-06	-0.00050264783
123	0.9559864668810543	0.006536554	0.9559864668810543	-0.0016608865	-0.00117005	1.1811372e-05	-0.00050264783
124	0.9634023259478874	0.01717892	0.9634023259478874	0.0076517425	0.00814715	7.239687e-06	-0.00050264783
125	0.9753813712626452	0.00037593243	0.9753813712626452	-0.0076001585	-0.007103248	5.7375078e-06	-0.00050264783
126	0.9798873173546403	0.006673031	0.9798873173546403	-0.0044922438	-0.0039995895	9.993365e-06	-0.00050264783
127	0.975372379327894	0.013179951	0.975372379327894	-0.00585795	-0.005362897	7.594977e-06	-0.00050264783
128	0.8030821284515435	-0.03274614	0.8030821284515435	0.023968425	0.024301859	0.00016921308	-0.00050264783
129	0.9766788042502235	0.011515517	0.9766788042502235	-0.0024045617	-0.0019022829	3.6920116e-07	-0.00050264783
130	0.9661117630015357	0.01665721	0.9661117630015357	-0.0032539961	-0.0027571719	5.8236137e-06	-0.00050264783
131	0.9735428727121803	0.021993864	0.9735428727121803	-0.0034979694	-0.0030089389	1.361744e-05	-0.00050264783
132	0.9689662788249859	0.01782151	0.9689662788249859	0.003885236	0.004384236	3.6479319e-06	-0.00050264783
133	0.9728560178371347	0.004408192	0.9728560178371347	-0.0060648397	-0.0055679986	5.806988e-06	-0.00050264783
134	0.9504405116605025	0.008054182	0.9504405116605025	0.0027911786	0.0032867517	7.074684e-06	-0.00050264783
135	0.9422713838166463	-0.0048976974	0.9422713838166463	0.0220475	0.022359172	0.00019097429	-0.00050264783
136	0.9672144173660491	0.002546982	0.9672144173660491	-0.013415926	-0.012925071	1.1792638e-05	-0.00050264783
137	0.9753612168514951	0.009325537	0.9753612168514951	-0.0064824806	-0.0059943907	1.45580225e-05	-0.00050264783
138	0.9619983823906969	0.018297404	0.9619983823906969	-0.008226955	-0.0077570067	3.269898e-05	-0.00050264783
139	0.9663641514775875	0.0035105697	0.9663641514775875	-0.0022352983	-0.001735735	3.08457e-06	-0.00050264783
140	0.9665544959440356	0.0009530959	0.9665544959440356	-0.0042133024	-0.003724131	1.3476177e-05	-0.00050264783
141	0.9593697558399575	0.009310608	0.9593697558399575	-0.00675379	-0.0062722703	2.1127886e-05	-0.00050264783
142	0.977894905401432	0.01243369	0.977894905401432	-0.0019991943	-0.0015069697	1.0423149e-05	-0.00050264783
143	0.9810001474188803	0.015106624	0.9810001474188803	-0.0032916255	-0.0028070884	1.8110688e-05	-0.00050264783
144	0.9788053944231515	0.01104419	0.9788053944231515	0.003957988	0.004432613	2.802291e-05	-0.00050264783
145	0.9514867603181673	0.0101256035	0.9514867603181673	0.00046149985	0.00095595943	8.188228e-06	-0.00050264783
146	0.9550821753365254	0.0017936429	0.9550821753365254	0.00014869357	0.0006467586	4.582805e-06	-0.00050264783
147	0.9696042602463238	0.0036769852	0.9696042602463238	0.012272302	0.012748544	2.6405327e-05	-0.00050264783
148	0.9764137225772771	0.010165508	0.9764137225772771	-0.0013929881	-0.0009010212	1.068086e-05	-0.00050264783
149	0.9511617177311027	-0.0018274324	0.9511617177311027	0.014049833	0.014537704	1.4776447e-05	-0.00050264783
150	0.96232782200118	0.009544077	0.96232782200118	-0.0069891782	-0.006500952	1.4421724e-05	-0.00050264783
151	0.9626582953314899	0.0016388025	0.9626582953314899	-0.003381074	-0.0028851288	6.7027113e-06	-0.00050264783
152	0.9768517379663342	0.004054953	0.9768517379663342	-0.011849389	-0.0113532115	6.4695114e-06	-0.00050264783
153	0.9760747650860218	0.0109435385	0.9760747650860218	-0.0040077297	-0.0035096114	4.5298284e-06	-0.00050264783
154	0.9752840741548363	0.010671101	0.9752840741548363	-0.0020516347	-0.0015556942	6.7073825e-06	-0.00050264783
155	0.96729539901367	0.0010940088	0.96729539901367	-0.00014280764	0.0003586288	1.2113969e-06	-0.00050264783
156	0.9497411930374378	0.006595008	0.9497411930374378	0.013100754	0.0135788	2.4601522e-05	-0.00050264783
157	0.9693953210849906	0.0024695555	0.9693953210849906	-0.010242672	-0.009747665	7.641544e-06	-0.00050264783
158	0.981162203857505	0.0016716691	0.981162203857505	-0.0073302877	-0.006849459	2.1819167e-05	-0.00050264783
159	0.9804216822186533	0.013105989	0.9804216822186533	-0.008192675	-0.007707704	1.767594e-05	-0.00050264783
160	0.9777167392404855	0.014744646	0.9777167392404855	-0.01316974	-0.012678799	1.17066575e-05	-0.00050264783
161	0.9687652996871197	0.016576199	0.9687652996871197	-0.0014260942	-0.0009273618	3.915377e-06	-0.00050264783
162	0.980095438522105	0.014754072	0.980095438522105	-0.00547088	-0.004972833	4.6011737e-06	-0.00050264783
163	0.9713783301771696	0.00504165	0.9713783301771696	0.0075432947	0.008040076	5.8663936e-06	-0.00050264783
164	0.9705320067597697	0.0038592708	0.9705320067597697	-0.00062055443	-0.0001225462	4.6396253e-06	-0.00050264783
165	0.9627389751094912	0.022236101	0.9627389751094912	0.003492962	0.003988222	7.387709e-06	-0.00050264783
166	0.9791806131781601	0.02260262	0.9791806131781601	-0.0053383475	-0.0048434883	7.7885725e-06	-0.00050264783
167	0.971444486047596	0.008953554	0.971444486047596	0.0001855088	0.0006571687	3.0987932e-05	-0.00050264783
168	0.9180472857964692	-0.004135051	0.9180472857964692	0.005241182	0.0057323975	1.14322975e-05	-0.00050264783
169	0.9805937026501854	0.014449102	0.9805937026501854	-0.00602743	-0.0055296496	4.8675342e-06	-0.00050264783
170	0.9759643384194631	0.005318718	0.9759643384194631	-0.005297223	-0.004799381	4.805457e-06	-0.00050264783
171	0.9783714277987643	0.0036954072	0.9783714277987643	-0.0068417164	-0.006376651	3.7582697e-05	-0.00050264783
172	0.9779226693204983	0.011274129	0.9779226693204983	-0.00532064	-0.004836623	1.8630959e-05	-0.00050264783
173	0.9760569017487855	0.0032309468	0.9760569017487855	-0.008571413	-0.008087123	1.8356845e-05	-0.00050264783
174	0.9804596944113589	0.0016677348	0.9804596944113589	-0.006645634	-0.006165636	2.2649558e-05	-0.00050264783
175	0.9809789640029315	0.012318165	0.9809789640029315	-0.0068202442	-0.0063466104	2.9014025e-05	-0.00050264783
176	0.968847850878405	0.012730294	0.968847850878405	-0.0013880393	-0.00088754034	2.1488804e-06	-0.00050264783
177	0.9711762527367843	0.009071346	0.9711762527367843	0.018010162	0.01850213	1.068131e-05	-0.00050264783
178	0.9651548547136041	0.00050436327	0.9651548547136041	-0.0015107677	-0.0010127603	4.640429e-06	-0.00050264783
179	0.9694385855306179	0.0029439486	0.9694385855306179	0.013936857	0.014419648	1.9856961e-05	-0.00050264783
180	0.9737810245796092	0.006568617	0.9737810245796092	0.0024145823	0.0028952386	2.199155e-05	-0.00050264783
181	0.9759007913537057	0.00937613	0.9759007913537057	-0.0057835854	-0.005282249	1.3112917e-06	-0.00050264783
182	0.9738620647595984	0.01584603	0.9738620647595984	-0.001454045	-0.00095266505	1.2679563e-06	-0.00050264783
183	0.9694710613224866	0.018383594	0.9694710613224866	0.0043801805	0.0048818	1.0280595e-06	-0.00050264783
184	0.9814424958675613	0.013470475	0.9814424958675613	-0.0074350853	-0.006956002	2.3564986e-05	-0.00050264783
185	0.9781449636744658	0.012139711	0.9781449636744658	-0.0051210388	-0.004628067	9.676015e-06	-0.00050264783
186	0.9781920410810966	0.010257855	0.9781920410810966	-0.002118837	-0.0016236294	7.4400946e-06	-0.00050264783
187	0.9786108917443379	0.03068276	0.9786108917443379	-0.00075034134	-0.0002643065	1.6612996e-05	-0.00050264783
188	0.9661443726528525	0.013984531	0.9661443726528525	0.0073378347	0.007835643	4.839131e-06	-0.00050264783
189	0.979723255285247	0.02269273	0.979723255285247	-0.0029903697	-0.0024932106	5.488682e-06	-0.00050264783
190	0.9709819145354739	0.0026942661	0.9709819145354739	0.0012382533	0.0017381863	2.7147905e-06	-0.00050264783
191	0.9752346032435356	0.0005725162	0.9752346032435356	-0.0029576384	-0.002457528	2.5373306e-06	-0.00050264783
192	0.9699297178772739	0.017190322	0.9699297178772739	0.0038948432	0.004396519	9.719686e-07	-0.00050264783
193	0.9768007114373449	0.009398854	0.9768007114373449	-0.0021566618	-0.0016691817	1.5167835e-05	-0.00050264783
194	0.9803940382815594	0.026631411	0.9803940382815594	-0.007985771	-0.007486886	3.763221e-06	-0.00050264783
195	0.9811929980523555	0.007838776	0.9811929980523555	-0.0045273826	-0.0040327897	8.054982e-06	-0.00050264783
196	0.9592940696779928	0.0049609914	0.9592940696779928	-0.00343028	-0.0029430748	1.5442749e-05	-0.00050264783
197	0.9801877010618757	0.02045154	0.9801877010618757	-0.0031249588	-0.0026283008	5.9898875e-06	-0.00050264783
198	0.9665812525553286	0.009584567	0.9665812525553286	0.0015378271	0.0020400803	3.9464663e-07	-0.00050264783
199	0.9777388515449793	0.019552039	0.9777388515449793	-0.0032289524	-0.002737164	1.085951e-05	-0.00050264783
200	0.9174581214373247	0.006339091	0.9174581214373247	0.044666007	0.045150302	1.834978e-05	-0.00050264783
201	0.9388351669549307	0.015041042	0.9388351669549307	0.0020549432	0.0025079427	4.964842e-05	-0.00050264783
202	0.9653956120435334	0.011993133	0.9653956120435334	0.0031285908	0.003570747	6.0491508e-05	-0.00050264783
203	0.9654858159539278	0.009696287	0.9654858159539278	-0.0052700527	-0.0047704577	3.0529386e-06	-0.00050264783
204	0.9774926419237601	0.022202991	0.9774926419237601	-0.014365028	-0.0139010865	3.8706698e-05	-0.00050264783
205	0.9797777358053786	0.014676592	0.9797777358053786	-0.0014084901	-0.0009309694	2.5127141e-05	-0.00050264783
206	0.9766681220180456	0.011504413	0.9766681220180456	0.0040429747	0.0045338594	1.1762948e-05	-0.00050264783
207	0.9739404460739156	0.030846443	0.9739404460739156	0.004573305	0.005069984	5.968978e-06	-0.00050264783
208	0.9709917825541833	0.013612011	0.9709917825541833	0.00069110375	0.0011784062	1.5345384e-05	-0.00050264783
209	0.9756025195812168	0.009452332	0.9756025195812168	-0.0039983764	-0.0035239428	2.8214476e-05	-0.00050264783
210	0.9687312938445516	0.0065888423	0.9687312938445516	0.0027361654	0.00323825	5.6326223e-07	-0.00050264783
211	0.9677450973062091	0.017903887	0.9677450973062091	-0.000354154	0.00014730098	1.1928423e-06	-0.00050264783
212	0.9792062169243958	0.014303658	0.9792062169243958	-0.009004737	-0.008535491	3.3402193e-05	-0.00050264783
213	0.9796322282425326	0.016943708	0.9796322282425326	-0.005928665	-0.005431127	5.1095117e-06	-0.00050264783
214	0.9789757337441166	0.0065673976	0.9789757337441166	-0.002077039	-0.0015776418	3.2505352e-06	-0.00050264783
215	0.9717753923111156	0.014506603	0.9717753923111156	-0.0020107767	-0.0015099839	1.8550745e-06	-0.00050264783
216	0.9806106647410976	0.020655418	0.9806106647410976	-0.0031827295	-0.0026859976	5.916012e-06	-0.00050264783
217	0.9670188625359883	0.026770554	0.9670188625359883	0.0075423094	0.008044164	7.9368067e-07	-0.00050264783
218	0.9802645471249017	0.018009335	0.9802645471249017	-0.0051476858	-0.004646769	1.7307906e-06	-0.00050264783
219	0.968895682312022	0.0056516333	0.968895682312022	0.0056525813	0.006142693	1.2536181e-05	-0.00050264783
220	0.981346202659025	0.010191659	0.981346202659025	-0.006726451	-0.0062277606	3.957183e-06	-0.00050264783
221	0.9692855735861067	0.02335151	0.9692855735861067	-0.0026680103	-0.002173517	8.154491e-06	-0.00050264783
222	0.9687681621491793	0.008085068	0.9687681621491793	-0.004015134	-0.0035281111	1.5624795e-05	-0.00050264783
223	0.9697309946770681	0.0038670474	0.9697309946770681	0.008029723	0.008529796	2.574408e-06	-0.00050264783
224	0.9641126876241849	0.014754232	0.9641126876241849	0.012411466	0.01287096	4.315422e-05	-0.00050264783
225	0.977742510729126	0.0072912388	0.977742510729126	-0.007966161	-0.007488458	2.4945553e-05	-0.00050264783
226	0.9800508884609707	0.0061688907	0.9800508884609707	-0.007177257	-0.0066843405	9.731361e-06	-0.00050264783
227	0.9691854158337729	0.015427478	0.9691854158337729	-0.0041481275	-0.0036529445	7.4650284e-06	-0.00050264783
228	0.9638857206891872	0.008176946	0.9638857206891872	0.005527074	0.0060266103	3.1116783e-06	-0.00050264783
229	0.9595867986364568	0.018654928	0.9595867986364568	-0.0026034724	-0.002112597	1.1772367e-05	-0.00050264783
230	0.9701400326424655	0.005131224	0.9701400326424655	0.0033584128	0.003854045	7.01557e-06	-0.00050264783
231	0.9711538985175211	0.005099727	0.9711538985175211	0.00024340622	0.0007453157	7.383785e-07	-0.00050264783
232	0.9792269721159857	0.008135597	0.9792269721159857	-0.0041958317	-0.0036946214	1.4376927e-06	-0.00050264783
233	0.9689463672389409	0.013760223	0.9689463672389409	0.0038118623	0.0043119118	2.5985798e-06	-0.00050264783
234	0.8833107683351039	-0.0002021509	0.8833107683351039	0.007790005	0.008274981	1.7671815e-05	-0.00050264783
235	0.9764685252566669	0.022778012	0.9764685252566669	-0.009387465	-0.008891193	6.376055e-06	-0.00050264783
236	0.9757798125314504	0.009747119	0.9757798125314504	0.0018241869	0.002322354	4.4807502e-06	-0.00050264783
237	0.9699844789514027	0.007637084	0.9699844789514027	0.0036323494	0.0041323574	2.639884e-06	-0.00050264783
238	0.9694746616576225	0.013077192	0.9694746616576225	0.004144269	0.004639634	7.2829534e-06	-0.00050264783
239	0.9715887114460658	0.0019792875	0.9715887114460658	-0.0040890626	-0.0036156434	2.922853e-05	-0.00050264783
240	0.9632615273847012	0.023134667	0.9632615273847012	-0.0009231639	-0.0004266089	6.092822e-06	-0.00050264783
241	0.9656010379422096	0.016798979	0.9656010379422096	0.00669095	0.0071927593	8.387261e-07	-0.00050264783
242	0.9785997416016234	0.012701684	0.9785997416016234	-0.009594092	-0.009095955	4.5099428e-06	-0.00050264783
243	0.9735028597737431	0.0043978505	0.9735028597737431	-0.0039322474	-0.0034364485	6.8489744e-06	-0.00050264783
244	0.9794700458255909	0.016747491	0.9794700458255909	-0.0026562053	-0.002158307	4.7494864e-06	-0.00050264783
245	0.9726913568401713	0.015714433	0.9726913568401713	0.00074058806	0.0012398795	3.3563476e-06	-0.00050264783
246	0.9741888753683119	0.005128582	0.9741888753683119	-0.0022829792	-0.0017839968	3.6654128e-06	-0.00050264783
247	0.9473003295094696	0.024005735	0.9473003295094696	-0.0015190089	-0.0010209498	4.5887814e-06	-0.00050264783
248	0.9693380564115078	0.013839591	0.9693380564115078	0.0024714237	0.002967605	6.4665874e-06	-0.00050264783
249	0.9810786851098725	0.013934429	0.9810786851098725	-0.0053558107	-0.004858264	5.100812e-06	-0.00050264783
250	0.9563795404840916	0.01547335	0.9563795404840916	0.0104804635	0.010966828	1.628308e-05	-0.00050264783
251	0.977772932258707	0.013876094	0.977772932258707	-0.0024939047	-0.0019964883	5.231493e-06	-0.00050264783
252	0.9669439267815788	0.0061103418	0.9669439267815788	0.0073752142	0.007854847	2.3015271e-05	-0.00050264783
253	0.9737740924522715	0.016742064	0.9737740924522715	-0.0028184862	-0.002325819	9.980748e-06	-0.00050264783
254	0.9761132682535314	0.019209381	0.9761132682535314	-0.007406071	-0.006912085	8.662098e-06	-0.00050264783
255	0.9799595157682277	0.010545968	0.9799595157682277	-0.0059481147	-0.00544848	3.0130668e-06	-0.00050264783
256	0.9780112167669788	0.023761183	0.9780112167669788	0.0004508815	0.0009424583	1.1071048e-05	-0.00050264783
257	0.9170748346880452	-0.001345924	0.9170748346880452	0.0057126866	0.006196671	1.8663242e-05	-0.00050264783
258	0.9777572714164404	0.024346728	0.9777572714164404	0.0006062413	0.0011031469	5.7422176e-06	-0.00050264783
259	0.9711049367720677	0.01166185	0.9711049367720677	-0.0033571308	-0.0028585936	4.1106214e-06	-0.00050264783
260	0.9735723163167194	0.024876703	0.9735723163167194	0.007255535	0.0077485107	9.672198e-06	-0.00050264783
261	0.9717381534429147	0.017003704	0.9717381534429147	-0.00092102645	-0.00045479275	3.6414167e-05	-0.00050264783
262	0.9799140250125369	0.012365739	0.9799140250125369	-0.0068741166	-0.006380453	8.9838295e-06	-0.00050264783
263	0.9719984375508964	0.0037884845	0.9719984375508964	-0.0042840624	-0.0037827045	1.2898266e-06	-0.00050264783
264	0.973951827459524	0.013306499	0.973951827459524	0.0009724725	0.0014677672	7.3531396e-06	-0.00050264783
265	0.8875120084999539	-0.013985714	0.8875120084999539	0.055643655	0.056094818	5.148591e-05	-0.00050264783
266	0.9649355368329288	0.013781413	0.9649355368329288	-0.01829557	-0.018089484	0.0002965625	-0.00050264783
267	0.9616030373175526	0.024738342	0.9616030373175526	-0.022675898	-0.022216422	4.317289e-05	-0.00050264783
268	0.9624324549024756	0.028132895	0.9624324549024756	-0.014274935	-0.013959776	0.00018748836	-0.00050264783
269	0.9094133141768367	0.0004773366	0.9094133141768367	0.007241968	0.00773014	1.4475966e-05	-0.00050264783
270	0.978703553175042	0.015758751	0.978703553175042	-0.012367305	-0.011890446	2.5787953e-05	-0.00050264783
271	0.9799540388909553	0.014486525	0.9799540388909553	-0.0017875364	-0.001312298	2.7409438e-05	-0.00050264783
272	0.9715036933637912	0.012898168	0.9715036933637912	-0.0063033486	-0.0058038547	3.1541463e-06	-0.00050264783
273	0.9663047122736412	0.01277016	0.9663047122736412	0.011762401	0.012264091	9.582054e-07	-0.00050264783
274	0.9478732534046169	0.011755955	0.9478732534046169	-0.0017210768	-0.0012389043	2.0475341e-05	-0.00050264783
275	0.9596070668882043	0.011411938	0.9596070668882043	0.012686469	0.013182121	6.9948537e-06	-0.00050264783
276	0.9644587742269087	0.022019375	0.9644587742269087	0.004578154	0.0050654286	1.5373493e-05	-0.00050264783
277	0.9805681500163658	0.018086337	0.9805681500163658	-0.010073988	-0.009573178	1.838235e-06	-0.00050264783
278	0.9678470776826064	0.0030628522	0.9678470776826064	0.0043721423	0.0048533203	2.1469852e-05	-0.00050264783
279	0.9620062778462444	0.012081619	0.9620062778462444	7.1656774e-05	0.0005672771	7.027525e-06	-0.00050264783
280	0.980497234937585	0.00259255	0.980497234937585	-0.007618873	-0.007131312	1.50870665e-05	-0.00050264783
281	0.9763092241577865	0.027134666	0.9763092241577865	-0.007507065	-0.007037091	3.2674165e-05	-0.00050264783
282	0.9780203991048104	0.00070542045	0.9780203991048104	0.0021283783	0.0026062168	2.48092e-05	-0.00050264783
283	0.9723883927051884	0.0075526903	0.9723883927051884	-0.00094464753	-0.00045022665	8.226943e-06	-0.00050264783
284	0.9770777896411585	0.0026130753	0.9770777896411585	-0.000595207	-9.331572e-05	7.5656726e-07	-0.00050264783
285	0.9768200157961394	0.009838569	0.9768200157961394	-0.0033123852	-0.0028132487	3.51143e-06	-0.00050264783
286	0.9792336221058577	0.024372956	0.9792336221058577	-0.005578256	-0.0050772345	1.6259943e-06	-0.00050264783
287	0.9712813816179838	0.020617323	0.9712813816179838	-0.0034535297	-0.0029711653	2.028343e-05	-0.00050264783
288	0.9727467274385618	0.020414094	0.9727467274385618	0.002168393	0.0026580996	1.2941151e-05	-0.00050264783
289	0.9794599825971896	0.0076129916	0.9794599825971896	0.0009002136	0.0014025255	3.3601654e-07	-0.00050264783
290	0.9765467300902577	0.016311236	0.9765467300902577	-0.00042969047	7.171262e-05	1.2447359e-06	-0.00050264783
291	0.9802954502878143	0.0045818985	0.9802954502878143	-0.0023104032	-0.0018086762	9.209947e-07	-0.00050264783
292	0.972597056674237	0.0061729355	0.972597056674237	0.0036353967	0.00413712	9.241702e-07	-0.00050264783
293	0.9506131033608233	0.0036653362	0.9506131033608233	-0.0007321073	-0.00023733932	7.879829e-06	-0.00050264783
294	0.9709939726620198	0.020142702	0.9709939726620198	0.0044316766	0.004931299	3.0253955e-06	-0.00050264783
295	0.9768181520706503	0.008391664	0.9768181520706503	-0.00057032733	-7.127169e-05	3.5921669e-06	-0.00050264783
296	0.9645160981304333	0.024532411	0.9645160981304333	0.003637921	0.0041378303	2.7384424e-06	-0.00050264783
297	0.8948427285983026	-0.02288567	0.8948427285983026	0.009265937	0.009754063	1.4522069e-05	-0.00050264783
298	0.9810917249301083	0.008295395	0.9810917249301083	-0.009663557	-0.009178682	1.7773447e-05	-0.00050264783
299	0.9554741510272803	0.023375358	0.9554741510272803	-0.0008914188	-0.0003988292	1.0058272e-05	-0.00050264783
300	0.9774068959270424	0.030899618	0.9774068959270424	-0.0043774177	-0.0038937	1.8930166e-05	-0.00050264783
301	0.9685233899920065	0.0067834426	0.9685233899920065	0.00255063	0.003048874	4.403789e-06	-0.00050264783
302	0.9672131774842689	0.0045161904	0.9672131774842689	0.0013062704	0.0018031783	5.73984e-06	-0.00050264783
303	0.9785899859023112	0.020572865	0.9785899859023112	-0.006423269	-0.005922327	1.7057597e-06	-0.00050264783
304	0.9664326516104462	0.019071983	0.9664326516104462	-0.0016921919	-0.0011951515	5.60733e-06	-0.00050264783
305	0.9774734717451518	0.010419161	0.9774734717451518	-0.003704796	-0.0032120913	9.942933e-06	-0.00050264783
306	0.959143090879379	0.03385047	0.959143090879379	0.0031398323	0.003635658	6.8222826e-06	-0.00050264783
307	0.9801523432648622	0.01938851	0.9801523432648622	-0.010237458	-0.009746144	1.1332867e-05	-0.00050264783
308	0.9793804474244262	0.0132327685	0.9793804474244262	-0.0061423113	-0.005649086	9.42279e-06	-0.00050264783
309	0.9675791826231852	0.008117433	0.9675791826231852	0.0038200817	0.004307497	1.5232738e-05	-0.00050264783
310	0.9678139028836605	0.004872366	0.9678139028836605	0.008805696	0.009307312	1.0321539e-06	-0.00050264783
311	0.9803540604061433	0.018634468	0.9803540604061433	-0.0059055523	-0.0054127784	9.873738e-06	-0.00050264783
312	0.9802489351203529	0.0069258665	0.9802489351203529	-0.005745016	-0.0052496893	7.321059e-06	-0.00050264783
313	0.9635835102875967	0.0062635	0.9635835102875967	-0.00028484693	0.00021711182	6.890724e-07	-0.00050264783
314	0.9731275243098789	0.0063244323	0.9731275243098789	0.0025606672	0.0030605018	2.8132806e-06	-0.00050264783
315	0.9768168158319569	0.024818903	0.9768168158319569	-0.0023797862	-0.0018816299	4.4916196e-06	-0.00050264783
316	0.9737791131103436	0.009277203	0.9737791131103436	-0.0013257042	-0.0008295629	6.5065606e-06	-0.00050264783
317	0.9787138961928212	0.012069049	0.9787138961928212	-0.0028082347	-0.0023119827	6.3959315e-06	-0.00050264783
318	0.9758776284399892	0.009554994	0.9758776284399892	-0.0027592485	-0.0022594903	2.8896652e-06	-0.00050264783
319	0.9659005416992278	0.023238605	0.9659005416992278	0.0017496464	0.0022480334	4.260811e-06	-0.00050264783
320	0.9702116543474077	0.008994412	0.9702116543474077	-0.00010986687	0.00039106622	1.7147446e-06	-0.00050264783
321	0.9670809844493365	0.0007236332	0.9670809844493365	0.004906005	0.005403624	5.0293534e-06	-0.00050264783
322	0.970281179967328	0.008654386	0.970281179967328	0.00038160325	0.0008778304	6.4206965e-06	-0.00050264783
323	0.9587871887082655	0.013355729	0.9587871887082655	0.0003378261	0.00081484905	2.5624875e-05	-0.00050264783
324	0.9713691534259848	0.020824637	0.9713691534259848	-0.0019104306	-0.0014097604	1.9777087e-06	-0.00050264783
325	0.981152533865231	0.00099361	0.981152533865231	-0.0021053827	-0.0016061643	3.4295147e-06	-0.00050264783
326	0.9653976578646302	0.014890802	0.9653976578646302	0.0075488286	0.0080481935	3.2824537e-06	-0.00050264783
327	0.9686010802986019	0.008013988	0.9686010802986019	0.0071242675	0.0076158186	1.1096819e-05	-0.00050264783
328	0.9672255856801841	0.009147394	0.9672255856801841	-0.0004972275	-2.886774e-06	8.307143e-06	-0.00050264783
329	0.9779564930983708	0.010653713	0.9779564930983708	-0.00758359	-0.00708315	2.207676e-06	-0.00050264783
330	0.9328788279356806	-0.0021072463	0.9328788279356806	0.003918859	0.0044192877	2.219239e-06	-0.00050264783
331	0.9775346262274628	0.008271831	0.9775346262274628	-0.0018972821	-0.0014009064	6.272117e-06	-0.00050264783
332	0.9693705746435942	0.0062574176	0.9693705746435942	-0.0042222897	-0.0037218716	2.2298168e-06	-0.00050264783
333	0.980132782960695	0.014825034	0.980132782960695	-0.014322444	-0.013820946	1.1501158e-06	-0.00050264783
334	0.9689369321504073	0.013407694	0.9689369321504073	-0.0037588251	-0.0032581217	1.944282e-06	-0.00050264783
335	0.9769291543642803	0.022880286	0.9769291543642803	-0.0044110646	-0.003916987	8.570611e-06	-0.00050264783
336	0.9703424277044738	0.011263664	0.9703424277044738	0.0044823107	0.004980157	4.801229e-06	-0.00050264783
337	0.9768333518581063	0.019795384	0.9768333518581063	-0.0043797516	-0.0038793168	2.213154e-06	-0.00050264783
338	0.9695457493582974	0.014871734	0.9695457493582974	0.0020958267	0.0025962428	2.2316858e-06	-0.00050264783
339	0.9485944185214824	0.004787883	0.9485944185214824	0.00020659954	0.00070434425	4.9031505e-06	-0.00050264783
340	0.9797944409548349	0.0056538093	0.9797944409548349	-0.0034448206	-0.0029462008	4.0279615e-06	-0.00050264783
341	0.9806486762765741	0.019555595	0.9806486762765741	-0.003381714	-0.0028838776	4.8114066e-06	-0.00050264783
342	0.9610760068650713	0.00038187872	0.9610760068650713	-0.0010841936	-0.00058818783	6.642106e-06	-0.00050264783
343	0.958854861660147	0.015997939	0.958854861660147	0.00010479364	0.0005992128	8.228667e-06	-0.00050264783
344	0.9712340139517163	0.005538746	0.9712340139517163	0.0034518861	0.0039532837	1.2502937e-06	-0.00050264783
345	0.9656555722980347	0.016286528	0.9656555722980347	0.0076640155	0.008159332	7.3315523e-06	-0.00050264783
346	0.9716350829258521	0.0051295897	0.9716350829258521	0.0024547996	0.0029524004	5.046985e-06	-0.00050264783
347	0.9690716413890352	0.012874771	0.9690716413890352	-0.0023463606	-0.0018450323	1.3197257e-06	-0.00050264783
348	0.9672579990463336	0.012303482	0.9672579990463336	-0.0017357224	-0.0012348623	1.7876318e-06	-0.00050264783
349	0.9534596248201443	0.008000281	0.9534596248201443	0.016617483	0.017106973	1.3157983e-05	-0.00050264783
350	0.9779526414018839	0.014846929	0.9779526414018839	-0.0078030797	-0.007324503	2.4070916e-05	-0.00050264783
351	0.9702989777844735	0.0025294118	0.9702989777844735	-0.0002650637	0.00023556796	2.0161885e-06	-0.00050264783
352	0.9687247263500182	0.01765737	0.9687247263500182	-0.004459751	-0.0039700037	1.2900828e-05	-0.00050264783
353	0.9697774302162079	0.004938991	0.9697774302162079	-0.0020652208	-0.0015667665	4.19343e-06	-0.00050264783
354	0.9716413497121404	0.0071728923	0.9716413497121404	0.0008835959	0.0013839739	2.2698582e-06	-0.00050264783
355	0.9702591248529104	0.009039209	0.9702591248529104	-0.0009251913	-0.00042845734	5.9138138e-06	-0.00050264783
356	0.9417857202927379	0.016614687	0.9417857202927379	-0.0037542952	-0.003285847	3.419957e-05	-0.00050264783
357	0.9610951998655972	0.012703687	0.9610951998655972	0.0041985633	0.0046982625	2.948536e-06	-0.00050264783
358	0.9692865851284478	0.0033028992	0.9692865851284478	-0.0011063684	-0.0006164761	1.2755483e-05	-0.00050264783
359	0.9722006035542593	0.014949151	0.9722006035542593	-0.0046411357	-0.0041408967	2.4089409e-06	-0.00050264783
360	0.9674618480933022	0.019377459	0.9674618480933022	-0.005148747	-0.004658359	1.226013e-05	-0.00050264783
361	0.9679811506293737	0.009627051	0.9679811506293737	-0.00082572974	-0.0003244592	1.3772899e-06	-0.00050264783
362	0.9758815071291294	0.018069996	0.9758815071291294	-0.007911935	-0.0074151447	5.857616e-06	-0.00050264783
363	0.966426374403898	0.0026639837	0.966426374403898	0.004226289	0.0047225887	6.3481557e-06	-0.00050264783
364	0.9807396626502249	0.014878345	0.9807396626502249	-0.0058912784	-0.005391627	2.996471e-06	-0.00050264783
365	0.9791630057777524	0.012665501	0.9791630057777524	-0.0041630827	-0.0036839738	2.3538872e-05	-0.00050264783
366	0.9774954695234274	0.027700419	0.9774954695234274	-0.004879113	-0.004381525	5.059674e-06	-0.00050264783
367	0.9781118157690436	0.027903501	0.9781118157690436	-0.004290277	-0.0038060988	1.8469242e-05	-0.00050264783
368	0.9722202618481064	0.019839764	0.9722202618481064	-0.0014753437	-0.0009882702	1.5574324e-05	-0.00050264783
369	0.9674133211896604	0.016608918	0.9674133211896604	0.0074191913	0.007900387	2.1451986e-05	-0.00050264783
370	0.9782723936294809	0.032009214	0.9782723936294809	0.0010627699	0.0015631396	2.278143e-06	-0.00050264783
371	0.9280117086934327	0.0044100285	0.9280117086934327	0.029798392	0.030181736	0.00011930498	-0.00050264783
372	0.9680050375249436	0.0072702765	0.9680050375249436	-0.005233157	-0.0047646076	3.4098684e-05	-0.00050264783
373	0.9673712892930437	0.008780963	0.9673712892930437	-0.007754773	-0.007254649	2.5240247e-06	-0.00050264783
374	0.9543584698864125	0.009770667	0.9543584698864125	0.0046761734	0.005174227	4.594196e-06	-0.00050264783
375	0.9664457875354115	0.018925646	0.9664457875354115	-0.00036797213	0.0001319931	2.6826153e-06	-0.00050264783
376	0.9707665445293937	0.009964884	0.9707665445293937	-0.00638311	-0.005886128	5.666332e-06	-0.00050264783
377	0.9662872500112778	0.012560043	0.9662872500112778	0.0006099696	0.0011107929	1.8245734e-06	-0.00050264783
378	0.9429320295938511	0.00043039548	0.9429320295938511	0.0028778021	0.0033714783	8.971665e-06	-0.00050264783
379	0.9524277358554701	0.0042733354	0.9524277358554701	0.0009838992	0.0014795527	6.9943294e-06	-0.00050264783
380	0.9437639325132353	-0.0038232408	0.9437639325132353	0.003145112	0.0036471388	6.2095876e-07	-0.00050264783
381	0.9371357403753473	-0.000385466	0.9371357403753473	0.013197919	0.013679177	2.1390251e-05	-0.00050264783
382	0.9283470335811298	-0.014570272	0.9283470335811298	0.0029493307	0.0034500856	1.8929807e-06	-0.00050264783
383	0.9715177129798361	0.007815663	0.9715177129798361	-0.0016056059	-0.0011035288	5.7064733e-07	-0.00050264783
384	0.9439932751277164	-0.0039125877	0.9439932751277164	0.002691376	0.0031914003	2.6236464e-06	-0.00050264783
385	0.9711144835998922	0.017497502	0.9711144835998922	-0.019771075	-0.019289017	2.059011e-05	-0.00050264783
386	0.9700430389046432	0.0038178146	0.9700430389046432	-0.0024984942	-0.002004047	8.200563e-06	-0.00050264783
387	0.9430362023004437	0.0041534114	0.9430362023004437	0.0057137203	0.0062146015	1.7668642e-06	-0.00050264783
388	0.9723501104831764	0.008495667	0.9723501104831764	-0.015421571	-0.014969155	5.0231825e-05	-0.00050264783
389	0.9536134986258122	0.0043188264	0.9536134986258122	-0.0011877681	-0.00068706495	1.9446857e-06	-0.00050264783
390	0.9778922255901769	-0.0006523305	0.9778922255901769	-0.014638413	-0.014153128	1.736298e-05	-0.00050264783
391	0.9706405449593546	0.0153768025	0.9706405449593546	-0.0100561995	-0.0095559545	2.4029173e-06	-0.00050264783
392	0.9645371996286084	0.016624419	0.9645371996286084	-0.0013705776	-0.0008751367	7.206955e-06	-0.00050264783
393	0.95818261073661	0.00680326	0.95818261073661	-0.00057753274	-7.640671e-05	1.5218102e-06	-0.00050264783
394	0.9752232363903219	0.0067071095	0.9752232363903219	-0.0026265199	-0.0021244946	6.2254304e-07	-0.00050264783
395	0.9382406701463327	-0.0064239213	0.9382406701463327	0.0021546644	0.0026566633	6.488289e-07	-0.00050264783
396	0.9633965956381787	0.017555399	0.9633965956381787	4.3648935e-05	0.00054535817	9.3859836e-07	-0.00050264783
397	0.9658187716859793	0.013685519	0.9658187716859793	-0.0035385783	-0.0030378527	1.9222484e-06	-0.00050264783
398	0.9696402021725564	0.0017865176	0.9696402021725564	0.001005935	0.0015074329	1.149932e-06	-0.00050264783
399	0.9667964408677747	0.014337062	0.9667964408677747	0.00050809095	0.001006844	3.8948137e-06	-0.00050264783
400	0.9641050595323142	0.01192161	0.9641050595323142	-0.0002897303	0.00020921715	3.700397e-06	-0.00050264783
401	0.9801140032758586	0.01997287	0.9801140032758586	-0.013597701	-0.013135284	4.0231083e-05	-0.00050264783
402	0.9641638644427506	0.014478898	0.9641638644427506	-0.0013822092	-0.0008837726	4.2111897e-06	-0.00050264783
403	0.9812854804416435	0.009409925	0.9812854804416435	-0.012191976	-0.011695713	6.3844636e-06	-0.00050264783
404	0.9216934126286649	-0.012908634	0.9216934126286649	0.0014942691	0.0019840635	1.2853493e-05	-0.00050264783
405	0.9453592637576248	0.007890571	0.9453592637576248	0.010855928	0.011353152	5.4244447e-06	-0.00050264783
406	0.9777406865656098	0.015502677	0.9777406865656098	-0.005433285	-0.0049406844	1.0047231e-05	-0.00050264783
407	0.9758310364425524	0.0075253565	0.9758310364425524	-0.0067710667	-0.006276098	7.679169e-06	-0.00050264783
408	0.978980956552011	0.005895609	0.978980956552011	-0.004788844	-0.0042936695	7.4732766e-06	-0.00050264783
409	0.9369107364499751	0.008252806	0.9369107364499751	0.0034652562	0.003952082	1.582207e-05	-0.00050264783
410	0.9676025130673162	0.009449416	0.9676025130673162	0.0073162178	0.0078066303	1.2235209e-05	-0.00050264783
411	0.9813583877725973	0.01767693	0.9813583877725973	-0.004538242	-0.0040473035	1.1709499e-05	-0.00050264783
412	0.9705124028034766	0.0065944484	0.9705124028034766	0.007396427	0.007867203	3.1871834e-05	-0.00050264783
413	0.9664282241053992	0.001634337	0.9664282241053992	0.0036682072	0.0041686487	2.2064596e-06	-0.00050264783
414	0.9803506019800655	0.01621482	0.9803506019800655	-8.32513e-05	0.00040993452	9.462006e-06	-0.00050264783
415	0.9780213654015182	0.023938226	0.9780213654015182	-0.0031656225	-0.00266916	6.1854853e-06	-0.00050264783
416	0.9695987548340287	0.018383335	0.9695987548340287	0.0025252388	0.0030267087	1.1778521e-06	-0.00050264783
417	0.9805094883125619	0.015516055	0.9805094883125619	-0.0058728177	-0.005378779	8.609123e-06	-0.00050264783
418	0.9694980779163145	0.0035995299	0.9694980779163145	0.0023990585	0.0028912467	1.0459618e-05	-0.00050264783
419	0.9770318443611427	0.011252869	0.9770318443611427	4.1529012e-05	0.00050998095	3.419587e-05	-0.00050264783
420	0.9748727760845892	0.024414185	0.9748727760845892	0.002425909	0.002924059	4.49771e-06	-0.00050264783
421	0.9729491710709074	0.012724568	0.9729491710709074	-0.0017836257	-0.0012824282	1.4502864e-06	-0.00050264783
422	0.967763761664274	0.004428155	0.967763761664274	0.010533532	0.0109586045	7.757537e-05	-0.00050264783
423	0.980108216802212	0.015541171	0.980108216802212	-0.0020925635	-0.0015988477	8.932117e-06	-0.00050264783
424	0.9775111498078479	0.010903805	0.9775111498078479	-0.00035236464	0.00014553517	4.7480135e-06	-0.00050264783
425	0.9681951467130298	0.0030377202	0.9681951467130298	0.0062175044	0.006703059	1.7093065e-05	-0.00050264783
426	0.8568007188394119	-0.026858909	0.8568007188394119	0.0151608735	0.015657216	6.305059e-06	-0.00050264783
427	0.9718724912806965	0.00921164	0.9718724912806965	0.0011410473	0.0016391368	4.558312e-06	-0.00050264783
428	0.9797620599682271	0.02786439	0.9797620599682271	0.0007754201	0.001258247	1.9820975e-05	-0.00050264783
429	0.9731267995626361	0.001054045	0.9731267995626361	-0.0040620253	-0.0035610434	1.6658994e-06	-0.00050264783
430	0.9755441409980085	0.014426284	0.9755441409980085	-0.010857338	-0.010362659	7.968858e-06	-0.00050264783
431	0.9784535024348686	0.02285242	0.9784535024348686	-0.006306213	-0.005806706	3.1409604e-06	-0.00050264783
432	0.967231360218667	0.0021137716	0.967231360218667	0.0030812349	0.0035744687	9.414076e-06	-0.00050264783
433	0.9741332764409087	0.0141657675	0.9741332764409087	-0.0031813509	-0.0026816004	2.897381e-06	-0.00050264783
434	0.9529400872620228	0.001240316	0.9529400872620228	0.014964373	0.015353429	0.0001135913	-0.00050264783
435	0.9721773892453771	0.02711105	0.9721773892453771	0.00042765285	0.00092140475	8.895945e-06	-0.00050264783
436	0.8242505615825039	0.004918034	0.8242505615825039	0.015231023	0.015617313	0.00011635745	-0.00050264783
437	0.966773638552299	0.008220219	0.966773638552299	-0.019052994	-0.018599264	4.8918686e-05	-0.00050264783
438	0.9428547731015722	-0.00037797238	0.9428547731015722	0.0027170982	0.003198176	2.1570115e-05	-0.00050264783
439	0.9632705343491357	0.015886348	0.9632705343491357	-0.012088301	-0.011593204	7.5508806e-06	-0.00050264783
440	0.9689188755860348	0.01144111	0.9689188755860348	-0.012037129	-0.011543644	9.1622915e-06	-0.00050264783
441	0.9632429244059401	0.013375436	0.9632429244059401	-0.0035892897	-0.0031022837	1.5641688e-05	-0.00050264783
442	0.9696841268316438	0.008454826	0.9696841268316438	-0.0057290494	-0.0052279118	1.5103635e-06	-0.00050264783
443	0.9494305257835567	0.0094248755	0.9494305257835567	0.0019665388	0.002465573	3.6137694e-06	-0.00050264783
444	0.9738969858637587	0.0035827009	0.9738969858637587	-0.002851837	-0.0023658362	1.6646902e-05	-0.00050264783
445	0.9669005143321241	0.015693137	0.9669005143321241	-0.0028936365	-0.002404532	1.35433265e-05	-0.00050264783
446	0.973186071382953	0.008664984	0.973186071382953	-0.005653306	-0.005157682	7.024035e-06	-0.00050264783
447	0.9810546943733424	0.028716434	0.9810546943733424	-0.014637788	-0.014152678	1.7537688e-05	-0.00050264783
448	0.9801700653504565	0.018517999	0.9801700653504565	-0.008902631	-0.008406155	6.172082e-06	-0.00050264783
449	0.967367625608051	0.016638506	0.967367625608051	0.003241597	0.0037248395	1.9405335e-05	-0.00050264783
450	0.978956323038047	0.012946213	0.978956323038047	-0.00043311616	6.79479e-05	1.5837828e-06	-0.00050264783
451	0.9684886604656366	0.009401207	0.9684886604656366	0.0009959438	0.0014831902	1.5401447e-05	-0.00050264783
452	0.9626769263263094	0.007146368	0.9626769263263094	-0.002019574	-0.001530887	1.3960712e-05	-0.00050264783
453	0.9551311698710421	0.01796872	0.9551311698710421	-0.00096509955	-0.0004690985	6.646823e-06	-0.00050264783
454	0.9600870826822364	0.010323147	0.9600870826822364	0.011010994	0.011512541	1.100506e-06	-0.00050264783
455	0.967560243925559	0.0022582887	0.967560243925559	0.007143208	0.0076370067	8.84912e-06	-0.00050264783
456	0.9709628156157997	0.018421385	0.9709628156157997	-0.0021537505	-0.0016609939	9.891382e-06	-0.00050264783
457	0.9805190571093205	0.02212335	0.9805190571093205	-0.0034870524	-0.0029946046	1.0200066e-05	-0.00050264783
458	0.8788165094455802	-0.015176631	0.8788165094455802	0.010331649	0.010819315	1.4982271e-05	-0.00050264783
459	0.9684892219835202	0.002582045	0.9684892219835202	-0.009426504	-0.008929256	5.399788e-06	-0.00050264783
460	0.9703310265968143	0.0060331416	0.9703310265968143	-0.005362581	-0.00486136	1.4270148e-06	-0.00050264783
461	0.9667989799423506	0.0035430016	0.9667989799423506	-0.0028911275	-0.0023916764	3.1966538e-06	-0.00050264783
462	0.9504496542171258	0.0054686028	0.9504496542171258	0.0023593989	0.0028582092	3.8376093e-06	-0.00050264783
463	0.9569408597473474	0.0046783686	0.9569408597473474	7.27154e-05	0.00057253503	2.8282022e-06	-0.00050264783
464	0.9664611739245618	0.004603656	0.9664611739245618	-0.003097933	-0.0025981555	2.8703973e-06	-0.00050264783
465	0.9636515708923282	0.0113872895	0.9636515708923282	-0.0011638126	-0.0006729528	1.178811e-05	-0.00050264783
466	0.9761541542824017	0.011005943	0.9761541542824017	-0.0066363565	-0.006137512	3.8036117e-06	-0.00050264783
467	0.9666929105670726	0.0009005873	0.9666929105670726	0.00032320357	0.00081160956	1.4241855e-05	-0.00050264783
468	0.9801193935523899	0.0124245025	0.9801193935523899	-0.0057988362	-0.00530174	5.551599e-06	-0.00050264783
469	0.966064860343307	0.015499868	0.966064860343307	-0.0010528498	-0.00055251253	2.3105513e-06	-0.00050264783
470	0.969147722674986	0.008243957	0.969147722674986	0.0040459563	0.0045427075	5.896737e-06	-0.00050264783
471	0.9708163908958817	0.006077379	0.9708163908958817	-0.0005378992	-3.8241455e-05	2.9900898e-06	-0.00050264783
472	0.9721940015616117	0.0033167098	0.9721940015616117	-0.0037672087	-0.0032736254	9.064572e-06	-0.00050264783
473	0.9631322708780229	0.00844638	0.9631322708780229	-0.00073726266	-0.0002362687	1.6538445e-06	-0.00050264783
474	0.9552355700362274	0.013211024	0.9552355700362274	0.011808776	0.012271878	3.954574e-05	-0.00050264783
475	0.9717366044243234	0.001684933	0.9717366044243234	0.003261566	0.0037625004	1.7134731e-06	-0.00050264783
476	0.9804620381680499	0.00659622	0.9804620381680499	-0.0028487556	-0.0023515902	5.482496e-06	-0.00050264783
477	0.9737324750766156	0.014332999	0.9737324750766156	0.00091685413	0.0014147799	4.7220788e-06	-0.00050264783
478	0.9802915078012387	0.022079334	0.9802915078012387	-0.001635536	-0.0011403334	7.4452814e-06	-0.00050264783
479	0.966568314056694	0.02187798	0.966568314056694	0.0014623029	0.0019629747	1.9761317e-06	-0.00050264783
480	0.9791238754461354	0.009753625	0.9791238754461354	-0.007891903	-0.007396991	7.735764e-06	-0.00050264783
481	0.9812097799477553	0.021279883	0.9812097799477553	-0.0067487797	-0.00625709	1.0958023e-05	-0.00050264783
482	0.9814596548206119	0.01915487	0.9814596548206119	-0.006492433	-0.005992842	3.0564584e-06	-0.00050264783
483	0.9793974335848946	0.0189455	0.9793974335848946	-0.0007064728	-0.00020844622	4.621275e-06	-0.00050264783
484	0.9772896292401517	0.013805191	0.9772896292401517	0.0027947398	0.003288115	9.272784e-06	-0.00050264783
485	0.97700264282709	0.015060018	0.97700264282709	1.2564415e-05	0.0005068422	8.370036e-06	-0.00050264783
486	0.9681865249119402	0.027895423	0.9681865249119402	-0.0024144347	-0.0019515611	3.9774095e-05	-0.00050264783
487	0.9667727980446165	0.022113262	0.9667727980446165	0.010677443	0.011154136	2.5955198e-05	-0.00050264783
488	0.9763578085533119	0.01281768	0.9763578085533119	0.005380809	0.005867479	1.5977985e-05	-0.00050264783
489	0.9745552295650214	0.00994933	0.9745552295650214	0.0063674864	0.0068633435	6.7908522e-06	-0.00050264783
490	0.9769460632416539	0.019628236	0.9769460632416539	0.0001514011	0.00065210817	1.9407507e-06	-0.00050264783
491	0.9733824859875622	0.028796759	0.9733824859875622	0.0037597944	0.004257387	5.0550043e-06	-0.00050264783
492	0.9771281466444519	0.02309631	0.9771281466444519	-0.00040551633	7.8120036e-05	1.901147e-05	-0.00050264783
493	0.9799712703697495	0.014592743	0.9799712703697495	-0.0038657174	-0.003378164	1.5094321e-05	-0.00050264783
494	0.976939042458407	0.01009618	0.976939042458407	-0.003900437	-0.0034029528	5.163742e-06	-0.00050264783
495	0.9774699846181032	0.018858029	0.9774699846181032	0.0022180032	0.002714378	6.2729714e-06	-0.00050264783
496	0.9696073547738134	-0.0011610506	0.9696073547738134	0.011995803	0.012468142	3.0307687e-05	-0.00050264783
497	0.9721715412391739	0.005834735	0.9721715412391739	0.0004215198	0.00091115886	1.3008794e-05	-0.00050264783
498	0.9664101516489533	0.0023705473	0.9664101516489533	0.002391995	0.0028906802	3.962613e-06	-0.00050264783
499	0.9633677350735946	-0.001992341	0.9633677350735946	0.004295814	0.004790637	7.824301e-06	-0.00050264783
