timestep_reward_type: delta_gamma
timestep_factor: 1
episode_reward_type: gamma_global
episode_factor: 0
tp/toff_init: [15, 15]
std: 0.2
num_episodes: 20
num_timesteps: 15
model_reload: C:\Users\Kalibrier-Windkanal\Documents\AFC_ReinforcementLearning\save_dir\data\measurements_alex\delta_gamma_std0.2\model_2024-11-22_0913.pth

episode	timestep	dt_p	dt_off	t_p	t_off	reward	gamma_global	delta_gamma	sum_of_gamma	sum_of_gamma_norm	gamma_local	critic_value	mu
0	0	-1.1402949	-0.10364947	13.859705	14.896351	0.00868865979381428	0.681623711340206	0.00868865979381428	0.681623711340206	0.681623711340206	[0.995  0.992  0.987  0.9658 0.86   0.5972 0.0962 0.9604]	0.34219986	[-0.99478394 -0.34208727]
0	1	-0.8563367	-0.15711083	13.003368	14.73924	0.008446391752577331	0.6900701030927834	0.008446391752577331	1.3716938144329895	0.6858469072164948	[0.9966 0.9914 0.9902 0.9638 0.8646 0.6112 0.1202 0.955 ]	0.34530565	[-0.9949912  -0.35001358]
0	2	-1.1475985	-0.27088088	11.85577	14.468359	0.0013329896907215977	0.691403092783505	0.0013329896907215977	2.0630969072164946	0.6876989690721649	[0.9966 0.9962 0.994  0.9772 0.8724 0.6286 0.0904 0.9758]	0.34043503	[-0.9951128  -0.35335144]
0	3	-1.0963701	-0.26429388	10.7594	14.204065	-0.0014742268041235684	0.6899288659793814	-0.0014742268041235684	2.7530257731958763	0.6882564432989691	[0.995  0.9914 0.9886 0.9688 0.8544 0.6282 0.1042 0.9676]	0.34651697	[-0.9952512 -0.3566017]
0	4	-1.078055	-0.51523304	9.681345	13.688832	0.08079278350515451	0.7707216494845359	0.08079278350515451	3.523747422680412	0.7047494845360824	[0.997  0.9966 0.9928 0.9754 0.8828 0.6564 0.3948 0.972 ]	0.34017712	[-0.9951599 -0.3553224]
0	5	-0.8981766	-0.22123905	8.783169	13.467593	-0.004101030927835092	0.7666206185567008	-0.004101030927835092	4.290368041237113	0.7150613402061855	[0.9982 0.997  0.9934 0.9826 0.8944 0.6938 0.3384 0.9768]	0.28907943	[-0.9962072  -0.37865552]
0	6	-1.141329	-0.27853572	7.64184	13.189057	0.02366185567010326	0.7902824742268041	0.02366185567010326	5.080650515463917	0.7258072164948454	[0.998  0.996  0.9958 0.9844 0.8968 0.6924 0.4306 0.9862]	0.29896116	[-0.99621636 -0.38210818]
0	7	-1.2211045	-0.2929116	6.4207354	12.896146	-0.0384989690721651	0.751783505154639	-0.0384989690721651	5.832434020618556	0.7290542525773195	[0.998  0.9952 0.9944 0.9842 0.9096 0.7232 0.2426 0.9886]	0.2805489	[-0.99647576 -0.38784614]
0	8	-0.89735204	-0.29287004	5.523383	12.603275	0.003915463917525841	0.7556989690721648	0.003915463917525841	6.58813298969072	0.7320147766323023	[0.9956 0.9946 0.994  0.9844 0.9106 0.7446 0.2436 0.9868]	0.3161094	[-0.9961073 -0.3838929]
0	9	-0.9002049	-0.44032845	4.6231785	12.162947	0.050616494845360904	0.8063154639175257	0.050616494845360904	7.394448453608246	0.7394448453608246	[0.9954 0.995  0.9976 0.9904 0.9392 0.8    0.3896 0.996 ]	0.31428167	[-0.99615425 -0.3872808 ]
0	10	-0.75314164	-0.3847815	3.8700368	11.778165	-0.009355670103092906	0.7969597938144328	-0.009355670103092906	8.191408247422679	0.7446734770384253	[0.9966 0.9932 0.9968 0.9874 0.9368 0.7924 0.3604 0.995 ]	0.28517777	[-0.9967181 -0.4062459]
0	11	-0.9864643	-0.1583033	2.8835726	11.619862	0.011996907216494934	0.8089567010309278	0.011996907216494934	9.000364948453607	0.7500304123711339	[0.9944 0.9954 0.9952 0.9864 0.9364 0.8288 0.3824 0.996 ]	0.29089656	[-0.9966244 -0.4035844]
0	12	-1.0771253	-0.6154075	1.8064473	11.004454	0.010588659793814403	0.8195453608247422	0.010588659793814403	9.819910309278349	0.7553777160983345	[0.9954 0.9888 0.9964 0.9866 0.9426 0.8342 0.4216 0.9954]	0.2833398	[-0.99675286 -0.41077793]
1	0	-1.0540773	-0.6960521	13.945923	14.303947	0.028924742268041315	0.7435340206185567	0.028924742268041315	0.7435340206185567	0.7435340206185567	[0.9956 0.9906 0.99   0.9602 0.843  0.5994 0.367  0.9422]	0.21785788	[-0.99509853 -0.43630764]
1	1	-0.9166136	-0.27813536	13.029309	14.025812	-0.005837113402061944	0.7376969072164947	-0.005837113402061944	1.4812309278350515	0.7406154639175258	[0.997  0.9926 0.9858 0.9656 0.8358 0.5918 0.3462 0.951 ]	0.20568979	[-0.9955526  -0.44793504]
1	2	-1.1148458	-0.34515393	11.914463	13.680658	0.00829381443298971	0.7459907216494844	0.00829381443298971	2.227221649484536	0.7424072164948453	[0.9942 0.991  0.9888 0.964  0.8496 0.6178 0.3522 0.958 ]	0.2100165	[-0.9954994  -0.44622737]
1	3	-0.63847125	-0.0699195	11.275991	13.610739	-0.04366804123711343	0.702322680412371	-0.04366804123711343	2.929544329896907	0.7323860824742268	[0.9914 0.9912 0.985  0.9624 0.852  0.6216 0.1694 0.9612]	0.20670083	[-0.9956355 -0.4521443]
1	4	-0.832734	-0.3486862	10.443257	13.262053	-0.01292474226804119	0.6893979381443298	-0.01292474226804119	3.618942268041237	0.7237884536082474	[0.9952 0.9922 0.9914 0.9728 0.8554 0.6104 0.1106 0.9706]	0.24298812	[-0.9950583  -0.44369277]
1	5	-0.9932919	-0.6893518	9.4499655	12.5727005	-0.0032556701030928004	0.686142268041237	-0.0032556701030928004	4.305084536082473	0.7175140893470789	[0.9972 0.9924 0.9904 0.971  0.8644 0.6288 0.0826 0.9646]	0.25656167	[-0.99494165 -0.4395512 ]
1	6	-1.161525	-0.466773	8.288441	12.105927	0.002825773195876291	0.6889680412371133	0.002825773195876291	4.994052577319587	0.7134360824742266	[0.9938 0.9972 0.9888 0.9688 0.8668 0.6332 0.0874 0.9708]	0.26203644	[-0.99489343 -0.44038117]
1	7	-1.1830258	-0.47071576	7.105415	11.635212	0.02494845360824749	0.7139164948453608	0.02494845360824749	5.707969072164947	0.7134961340206184	[0.9978 0.9954 0.9928 0.9796 0.9008 0.7234 0.0932 0.987 ]	0.26090372	[-0.9949578  -0.44286743]
1	8	-0.65725994	-0.57420534	6.448155	11.061007	0.0003164948453607819	0.7142329896907216	0.0003164948453607819	6.4222020618556686	0.7135780068728521	[0.9914 0.9956 0.9916 0.9764 0.8986 0.7088 0.1104 0.9856]	0.25654736	[-0.99547654 -0.45912796]
1	9	-0.88284135	-0.49485508	5.5653133	10.566152	0.03115257731958765	0.7453855670103092	0.03115257731958765	7.167587628865978	0.7167587628865978	[0.9976 0.9932 0.9952 0.9778 0.9018 0.7384 0.2136 0.9832]	0.25314692	[-0.9954256 -0.4583524]
1	10	-0.81977445	-0.2979049	4.7455387	10.268247	-0.011104123711340286	0.7342814432989689	-0.011104123711340286	7.901869072164947	0.7183517338331771	[0.996  0.9948 0.9946 0.9818 0.9234 0.7596 0.1376 0.9898]	0.23008443	[-0.99583286 -0.4689822 ]
1	11	-0.7817452	-0.18008167	3.9637935	10.088165	0.0030494845360825584	0.7373309278350515	0.0030494845360825584	8.639199999999999	0.7199333333333332	[0.9972 0.9958 0.9954 0.9882 0.938  0.8014 0.1058 0.9952]	0.24688546	[-0.99576306 -0.46915308]
1	12	-0.87544817	-0.4028717	3.0883453	9.685293	0.01098865979381436	0.7483195876288659	0.01098865979381436	9.387519587628864	0.7221168913560665	[0.9978 0.997  0.9956 0.99   0.9402 0.8466 0.1142 0.995 ]	0.25437945	[-0.9958875  -0.47360504]
1	13	-0.96093494	-0.4235304	2.1274104	9.261763	-0.00840309278350515	0.7399164948453607	-0.00840309278350515	10.127436082474224	0.7233882916053017	[0.9832 0.9934 0.9954 0.986  0.9456 0.8398 0.0918 0.9884]	0.25057793	[-0.9960636 -0.4803181]
2	0	-1.3367467	-0.3348546	13.663254	14.665146	-0.003748453608247382	0.665661855670103	-0.003748453608247382	0.665661855670103	0.665661855670103	[0.9946 0.993  0.9872 0.959  0.8286 0.5696 0.0722 0.9494]	0.17128609	[-0.99503386 -0.5062675 ]
2	1	-1.1605989	-0.27786478	12.502655	14.387281	0.003109278350515443	0.6687711340206185	0.003109278350515443	1.3344329896907214	0.6672164948453607	[0.9962 0.9916 0.9856 0.9574 0.8332 0.574  0.0832 0.9452]	0.17582686	[-0.99501437 -0.50538194]
2	2	-1.2632064	-0.4948858	11.239449	13.892396	0.011852577319587554	0.680623711340206	0.011852577319587554	2.0150567010309275	0.6716855670103091	[0.9944 0.993  0.9886 0.965  0.8432 0.631  0.0718 0.9624]	0.17395373	[-0.99504393 -0.5064541 ]
2	3	-1.0347078	-0.112268776	10.204741	13.780128	0.00205876288659812	0.6826824742268042	0.00205876288659812	2.6977391752577318	0.6744347938144329	[0.9956 0.994  0.989  0.967  0.8646 0.638  0.061  0.9694]	0.17045568	[-0.9953206  -0.51635647]
2	4	-0.97875345	-0.74994314	9.225987	13.030185	-0.0008907216494847825	0.6817917525773194	-0.0008907216494847825	3.3795309278350514	0.6759061855670103	[0.9954 0.9914 0.9908 0.9642 0.8532 0.633  0.0716 0.9604]	0.17413123	[-0.99539727 -0.5187717 ]
2	5	-0.945651	-0.42920575	8.280336	12.600979	0.01191340206185576	0.6937051546391751	0.01191340206185576	4.073236082474226	0.678872680412371	[0.9978 0.994  0.9938 0.97   0.872  0.6662 0.0726 0.9814]	0.17120679	[-0.9953364  -0.51701015]
2	6	-1.1666462	-0.14794865	7.1136904	12.453031	0.005455670103092891	0.699160824742268	0.005455670103092891	4.7723969072164945	0.6817709867452135	[0.9952 0.9938 0.9912 0.9724 0.8876 0.7026 0.059  0.9866]	0.16907556	[-0.9956228 -0.5250732]
2	7	-1.249766	-0.52364737	5.8639245	11.929383	0.009196907216494798	0.7083577319587628	0.009196907216494798	5.480754639175258	0.6850943298969072	[0.997  0.996  0.994  0.9802 0.909  0.7362 0.0562 0.9868]	0.17103542	[-0.9957368  -0.53020966]
2	8	-1.0112729	-0.39038098	4.8526516	11.539002	0.004527835051546414	0.7128855670103093	0.004527835051546414	6.193640206185567	0.6881822451317297	[0.997  0.994  0.9922 0.981  0.921  0.7698 0.043  0.992 ]	0.17218846	[-0.9959158 -0.5360305]
2	9	-1.1393498	-0.2609748	3.7133017	11.278028	0.014414432989690695	0.7273	0.014414432989690695	6.920940206185566	0.6920940206185566	[0.9986 0.9984 0.997  0.9898 0.9418 0.8194 0.0456 0.9966]	0.17413571	[-0.9960158 -0.5405603]
2	10	-1.2957776	-0.62656116	2.417524	10.651466	-0.001352577319587711	0.7259474226804122	-0.001352577319587711	7.646887628865978	0.6951716026241799	[0.9982 0.9968 0.9976 0.9874 0.9478 0.816  0.0416 0.9966]	0.17299473	[-0.9962746  -0.54887956]
2	11	-0.8916107	-0.80664814	1.5259135	9.844818	-0.0035999999999998256	0.7223474226804124	-0.0035999999999998256	8.36923505154639	0.6974362542955325	[0.9948 0.9924 0.9936 0.9818 0.9346 0.8344 0.027  0.992 ]	0.17447855	[-0.99625385 -0.5485334 ]
3	0	-0.83933926	-0.59343463	14.160661	14.406566	-7.01030927833246e-05	0.6499360824742269	-7.01030927833246e-05	0.6499360824742269	0.6499360824742269	[0.9944 0.9864 0.982  0.9518 0.8176 0.552  0.0334 0.9498]	0.12368169	[-0.9951427 -0.5622325]
3	1	-0.91842896	-0.27380732	13.242231	14.132758	0.009583505154639016	0.6595195876288659	0.009583505154639016	1.3094556701030928	0.6547278350515464	[0.997  0.9918 0.9874 0.9586 0.8376 0.5832 0.0334 0.9478]	0.12462644	[-0.99511737 -0.561957  ]
3	2	-1.2643074	-0.3538698	11.977924	13.778889	0.004518556701030851	0.6640381443298967	0.004518556701030851	1.9734938144329894	0.6578312714776632	[0.9966 0.9928 0.9874 0.9576 0.842  0.5986 0.034  0.9578]	0.12404761	[-0.99531263 -0.567128  ]
3	3	-1.0641215	-0.5423648	10.913803	13.236524	0.0013371134020619957	0.6653752577319587	0.0013371134020619957	2.6388690721649484	0.6597172680412371	[0.9954 0.9906 0.9866 0.9624 0.843  0.6134 0.0268 0.9588]	0.12157528	[-0.9954232  -0.57070196]
3	4	-1.2813631	-0.7154036	9.63244	12.52112	0.008877319587628718	0.6742525773195874	0.008877319587628718	3.3131216494845357	0.6626243298969071	[0.9972 0.9944 0.9918 0.972  0.8586 0.6222 0.0356 0.9726]	0.12184915	[-0.9954512 -0.5718128]
3	5	-0.96125746	-0.81831366	8.671183	11.702806	-0.00186907216494836	0.6723835051546391	-0.00186907216494836	3.9855051546391747	0.6642508591065291	[0.997  0.993  0.9884 0.9632 0.8674 0.6214 0.0296 0.9748]	0.12033294	[-0.9956587 -0.5764316]
3	6	-0.9738142	-0.60154754	7.6973686	11.101259	0.006592783505154576	0.6789762886597936	0.006592783505154576	4.6644814432989685	0.6663544918998526	[0.9978 0.9958 0.9914 0.972  0.8654 0.6392 0.0372 0.9758]	0.12186923	[-0.9956245 -0.5768026]
3	7	-1.1302388	-0.7248754	6.56713	10.376384	0.0047082474226805004	0.6836845360824741	0.0047082474226805004	5.3481659793814424	0.6685207474226803	[0.9948 0.9958 0.9916 0.9728 0.8792 0.6702 0.0258 0.979 ]	0.11906602	[-0.9957493  -0.57959455]
3	8	-0.758217	-0.8417715	5.808913	9.534613	0.004620618556700928	0.6883051546391751	0.004620618556700928	6.036471134020617	0.6707190148911797	[0.9968 0.9934 0.9888 0.9662 0.8792 0.698  0.0288 0.9776]	0.11996798	[-0.99584085 -0.5838863 ]
3	9	-0.8191817	-0.30345473	4.989732	9.231158	0.021138144329897024	0.7094432989690721	0.021138144329897024	6.745914432989689	0.6745914432989689	[0.9974 0.9962 0.994  0.9814 0.919  0.7716 0.0272 0.99  ]	0.116514556	[-0.9959031  -0.58719623]
3	10	-0.5775612	-0.7155559	4.4121704	8.515602	-0.017832989690721668	0.6916103092783504	-0.017832989690721668	7.43752474226804	0.6761386129334581	[0.9988 0.9942 0.988  0.9722 0.8994 0.7204 0.018  0.968 ]	0.11413862	[-0.99629104 -0.60015905]
3	11	-1.0750602	-0.68977684	3.33711	7.825825	0.010623711340206232	0.7022340206185567	0.010623711340206232	8.139758762886597	0.6783132302405498	[0.9956 0.995  0.9938 0.9776 0.9118 0.7566 0.0246 0.9676]	0.120403625	[-0.9959616  -0.58971936]
3	12	-1.024546	-0.6608045	2.312564	7.165021	0.002721649484536015	0.7049556701030927	0.002721649484536015	8.84471443298969	0.6803626486915146	[0.9978 0.9966 0.9928 0.9784 0.9236 0.7566 0.0268 0.9742]	0.11626668	[-0.9961271 -0.5956404]
3	13	-1.1605302	-0.707519	1.1520337	6.457502	0.014605154639175222	0.7195608247422679	0.014605154639175222	9.564275257731959	0.6831625184094257	[0.996  0.996  0.9948 0.9816 0.9372 0.8226 0.0264 0.9804]	0.116941564	[-0.9961874 -0.5972667]
4	0	-1.1766609	-0.41358548	13.823339	14.586414	0.01148453608247424	0.6548113402061855	0.01148453608247424	0.6548113402061855	0.6548113402061855	[0.9938 0.9882 0.9846 0.953  0.819  0.5814 0.0244 0.9582]	0.14345756	[-0.99500996 -0.58048004]
4	1	-1.208793	-0.62022847	12.614547	13.966186	0.0024123711340205967	0.6572237113402061	0.0024123711340205967	1.3120350515463914	0.6560175257731957	[0.9842 0.9912 0.9826 0.9566 0.8248 0.5988 0.0224 0.9498]	0.13893838	[-0.9952977  -0.58795136]
4	2	-1.1503687	-0.53510255	11.464178	13.431083	0.0011886597938144394	0.6584123711340205	0.0011886597938144394	1.970447422680412	0.6568158075601374	[0.9956 0.9852 0.9846 0.955  0.8386 0.5858 0.0284 0.9564]	0.13911141	[-0.99528974 -0.5893311 ]
4	3	-0.89329034	-0.6853738	10.570888	12.745708	0.0021999999999999797	0.6606123711340205	0.0021999999999999797	2.6310597938144324	0.6577649484536081	[0.997  0.991  0.9844 0.958  0.8388 0.5784 0.0358 0.9638]	0.13968782	[-0.9953411  -0.58938366]
4	4	-1.1266104	-0.56064016	9.444277	12.185068	0.008049484536082452	0.668661855670103	0.008049484536082452	3.2997216494845354	0.6599443298969071	[0.9968 0.9944 0.9872 0.9644 0.8606 0.6206 0.023  0.9618]	0.13970147	[-0.9954144  -0.59034795]
4	5	-1.3188756	-0.4278105	8.1254015	11.757257	0.005096907216495028	0.673758762886598	0.005096907216495028	3.973480412371133	0.6622467353951889	[0.9966 0.9918 0.9858 0.9592 0.8508 0.6392 0.0322 0.9746]	0.1405829	[-0.9955847 -0.5960722]
4	6	-1.0730112	-0.5817454	7.05239	11.175512	0.011702061855670132	0.6854608247422681	0.011702061855670132	4.658941237113401	0.665563033873343	[0.9974 0.993  0.9904 0.9716 0.8804 0.6832 0.022  0.9842]	0.13404661	[-0.9956836  -0.59958637]
4	7	-0.79483896	-0.7256226	6.257551	10.44989	0.01963505154639167	0.7050958762886598	0.01963505154639167	5.364037113402061	0.6705046391752576	[0.9992 0.9966 0.9926 0.977  0.9068 0.751  0.035  0.9836]	0.13552849	[-0.9959298 -0.6071056]
4	8	-0.78831434	-0.5257876	5.469237	9.924103	-0.014848453608247603	0.6902474226804122	-0.014848453608247603	6.054284536082473	0.6726982817869414	[0.9902 0.9952 0.9892 0.9704 0.8824 0.7078 0.0252 0.9808]	0.12924118	[-0.9962417  -0.61792856]
4	9	-0.87838733	-0.47779477	4.5908494	9.446308	0.013639175257732172	0.7038865979381443	0.013639175257732172	6.758171134020617	0.6758171134020616	[0.997  0.9972 0.9914 0.9784 0.912  0.752  0.0268 0.9844]	0.13293384	[-0.9959766  -0.61016226]
4	10	-0.8320809	-0.675414	3.7587686	8.770894	0.003192783505154506	0.7070793814432988	0.003192783505154506	7.465250515463915	0.6786591377694469	[0.9976 0.9948 0.9918 0.9716 0.9222 0.7654 0.0306 0.9808]	0.13179475	[-0.9962292 -0.617908 ]
4	11	-0.8298807	-0.53908545	2.9288878	8.231809	0.00765773195876307	0.7147371134020619	0.00765773195876307	8.179987628865977	0.6816656357388314	[0.9926 0.9906 0.9898 0.9784 0.9304 0.8094 0.0252 0.9822]	0.12989928	[-0.9962583  -0.62000734]
4	12	-0.90188265	-0.8085117	2.0270052	7.423297	0.007289690721649422	0.7220268041237113	0.007289690721649422	8.902014432989688	0.6847703409992068	[0.9916 0.9932 0.9936 0.9822 0.9456 0.8344 0.0234 0.987 ]	0.12824358	[-0.9963634  -0.62471795]
4	13	-0.9036396	-0.7391142	1.1233656	6.6841826	0.004185567010309255	0.7262123711340206	0.004185567010309255	9.628226804123708	0.6877304860088362	[0.9966 0.9966 0.9972 0.986  0.9434 0.8366 0.034  0.9876]	0.12812246	[-0.9964927 -0.6289957]
5	0	-0.68611205	-0.5846046	14.313888	14.415396	0.013669072164948393	0.6511969072164948	0.013669072164948393	0.6511969072164948	0.6511969072164948	[0.9926 0.9866 0.9794 0.947  0.814  0.572  0.0288 0.9486]	0.15589437	[-0.99507046 -0.57837355]
5	1	-1.0833648	-0.6015288	13.230523	13.813867	0.004350515463917626	0.6555474226804124	0.004350515463917626	1.3067443298969073	0.6533721649484536	[0.9946 0.992  0.9864 0.956  0.8228 0.5738 0.0296 0.9542]	0.1533466	[-0.9953539  -0.58666515]
5	2	-0.8641051	-0.5449907	12.366418	13.268876	-0.004428865979381635	0.6511185567010308	-0.004428865979381635	1.9578628865979382	0.6526209621993128	[0.996  0.989  0.9792 0.9444 0.8074 0.5784 0.0244 0.9518]	0.154538	[-0.99548364 -0.58865476]
5	3	-1.2689887	-0.3569649	11.097429	12.911911	0.006778350515463938	0.6578969072164947	0.006778350515463938	2.615759793814433	0.6539399484536083	[0.9874 0.992  0.9842 0.96   0.831  0.5862 0.0252 0.9584]	0.15279955	[-0.99539024 -0.58744335]
5	4	-0.9559511	-0.70842165	10.141479	12.203489	0.0024123711340205967	0.6603092783505153	0.0024123711340205967	3.2760690721649484	0.6552138144329896	[0.9826 0.9938 0.9842 0.9532 0.8352 0.5974 0.0266 0.9614]	0.15423177	[-0.9955124 -0.5906026]
5	5	-0.8316452	-0.52792764	9.309834	11.675562	0.012892783505154659	0.67320206185567	0.012892783505154659	3.949271134020618	0.658211855670103	[0.9964 0.9892 0.9852 0.9588 0.8416 0.6426 0.0352 0.9692]	0.15211076	[-0.9955472  -0.59309465]
5	6	-0.7716456	-0.6935144	8.538188	10.982047	-0.010803092783505108	0.6623989690721649	-0.010803092783505108	4.611670103092783	0.6588100147275405	[0.9902 0.9916 0.984  0.9498 0.838  0.6098 0.0236 0.9654]	0.1452029	[-0.9958114  -0.59986836]
5	7	-0.94268143	-0.46152633	7.5955067	10.520521	0.0006268041237114108	0.6630257731958763	0.0006268041237114108	5.27469587628866	0.6593369845360825	[0.9974 0.9938 0.9812 0.948  0.836  0.6068 0.0282 0.9668]	0.15103725	[-0.99561495 -0.59488684]
5	8	-0.9192504	-0.47985774	6.676256	10.040664	-0.0006494845360827117	0.6623762886597936	-0.0006494845360827117	5.937072164948454	0.6596746849942726	[0.9964 0.9886 0.9754 0.9392 0.8202 0.626  0.031  0.956 ]	0.15086636	[-0.9956474  -0.59501785]
5	9	-0.92533606	-0.9610621	5.7509203	9.079601	0.008519587628866065	0.6708958762886597	0.008519587628866065	6.607968041237113	0.6607968041237113	[0.9988 0.9924 0.9838 0.9616 0.849  0.6376 0.0314 0.9524]	0.14630498	[-0.9955743 -0.5947545]
5	10	-1.1837003	-0.61476165	4.5672197	8.46484	0.03143505154639181	0.7023309278350515	0.03143505154639181	7.310298969072164	0.6645726335520149	[0.9976 0.9954 0.9944 0.9804 0.9152 0.7356 0.03   0.9846]	0.14963607	[-0.9957484 -0.5977663]
5	11	-0.7321069	-0.7154583	3.8351128	7.7493815	-0.0065886597938144	0.6957422680412371	-0.0065886597938144	8.0060412371134	0.6671701030927834	[0.9938 0.994  0.9888 0.9724 0.8978 0.7258 0.03   0.9732]	0.14519522	[-0.99634516 -0.6175212 ]
5	12	-1.1632013	-0.4272923	2.6719115	7.322089	0.01138247422680394	0.707124742268041	0.01138247422680394	8.713165979381442	0.6702435368754955	[0.998  0.9942 0.9934 0.9798 0.9228 0.776  0.0244 0.9674]	0.14475338	[-0.9961984 -0.6139788]
5	13	-1.3084729	-0.55799085	1.3634386	6.764098	0.02111030927835067	0.7282350515463917	0.02111030927835067	9.441401030927834	0.6743857879234166	[0.9966 0.9972 0.995  0.9846 0.9466 0.858  0.0248 0.99  ]	0.14415582	[-0.9963883 -0.6207939]
6	0	-0.8325575	-0.8382152	14.167442	14.161785	0.0017340206185567641	0.6482340206185566	0.0017340206185567641	0.6482340206185566	0.6482340206185566	[0.996  0.9882 0.9836 0.9516 0.7994 0.562  0.0286 0.9412]	0.16597334	[-0.9954683 -0.5796355]
6	1	-1.1761497	-0.6069967	12.991293	13.554789	0.000587628865979406	0.648821649484536	0.000587628865979406	1.2970556701030926	0.6485278350515463	[0.9916 0.9868 0.9806 0.9484 0.8182 0.5624 0.0268 0.9414]	0.16333985	[-0.9954928 -0.5798333]
6	2	-1.1718864	-0.7527423	11.8194065	12.802046	-0.0009237113402061903	0.6478979381443298	-0.0009237113402061903	1.9449536082474226	0.6483178694158075	[0.9964 0.9862 0.9774 0.9372 0.7972 0.5722 0.0296 0.9418]	0.16496807	[-0.9954659  -0.58074564]
6	3	-0.74413663	-0.9238267	11.07527	11.87822	0.012665979381443315	0.6605639175257731	0.012665979381443315	2.6055175257731955	0.6513793814432989	[0.9974 0.9918 0.9844 0.9552 0.828  0.6006 0.0278 0.9552]	0.16048312	[-0.9954577 -0.5810062]
6	4	-1.0281109	-0.48808447	10.047159	11.390135	-0.0004701030927835026	0.6600938144329896	-0.0004701030927835026	3.2656113402061853	0.6531222680412371	[0.9952 0.9908 0.9836 0.9574 0.834  0.5832 0.033  0.964 ]	0.16058663	[-0.99574226 -0.58796495]
6	5	-0.7811001	-0.89938474	9.266059	10.49075	0.006724742268041206	0.6668185567010309	0.006724742268041206	3.932429896907216	0.6554049828178693	[0.9982 0.993  0.9836 0.959  0.8456 0.6202 0.0246 0.9654]	0.1619598	[-0.99573845 -0.58746195]
6	6	-1.1014326	-0.5518027	8.164626	9.938948	-0.014512371134020596	0.6523061855670103	-0.014512371134020596	4.584736082474226	0.654962297496318	[0.9984 0.9942 0.985  0.9522 0.813  0.5652 0.027  0.9552]	0.16031113	[-0.9958803  -0.59248835]
6	7	-1.0315933	-0.98791575	7.133033	8.951032	-0.00742474226804124	0.644881443298969	-0.00742474226804124	5.229617525773195	0.6537021907216494	[0.9982 0.9914 0.974  0.935  0.7878 0.5662 0.0258 0.9412]	0.16452518	[-0.99562395 -0.5832123 ]
6	8	-1.0782182	-0.6272971	6.0548143	8.323734	0.03993814432989684	0.6848195876288659	0.03993814432989684	5.914437113402061	0.6571596792668957	[0.999  0.9936 0.9902 0.9694 0.8804 0.6784 0.0298 0.97  ]	0.16217855	[-0.9954317 -0.5799422]
6	9	-0.9011326	-0.34328112	5.1536818	7.980453	-0.009642268041237023	0.6751773195876288	-0.009642268041237023	6.5896144329896895	0.658961443298969	[0.996  0.9948 0.9864 0.9662 0.8592 0.6482 0.0308 0.9576]	0.15561384	[-0.9961822  -0.60274714]
6	10	-0.9014368	-0.32031316	4.252245	7.66014	0.02432989690721643	0.6995072164948453	0.02432989690721643	7.289121649484535	0.6626474226804123	[0.9964 0.996  0.9908 0.9774 0.8994 0.7374 0.0332 0.9696]	0.157933	[-0.9959916 -0.5964379]
6	11	-0.97492355	-0.5300734	3.2773213	7.130067	-0.013160824742267985	0.6863463917525773	-0.013160824742267985	7.975468041237113	0.6646223367697593	[0.98   0.9964 0.9904 0.9712 0.8952 0.6858 0.0298 0.9618]	0.15078357	[-0.99640274 -0.6115376 ]
6	12	-1.0572883	-0.7130079	2.2200332	6.417059	0.01334329896907227	0.6996896907216495	0.01334329896907227	8.675157731958762	0.6673198255352895	[0.9998 0.9956 0.991  0.9746 0.9102 0.745  0.0282 0.9604]	0.15664408	[-0.9961377  -0.60400534]
7	0	-0.89325756	-0.6148746	14.106743	14.385125	0.004330927835051512	0.6519257731958762	0.004330927835051512	0.6519257731958762	0.6519257731958762	[0.9954 0.9858 0.9772 0.9526 0.8186 0.5846 0.021  0.943 ]	0.17066444	[-0.99554133 -0.5885743 ]
7	1	-0.9569357	-0.52512497	13.149807	13.860001	0.011003092783505197	0.6629288659793814	0.011003092783505197	1.3148546391752576	0.6574273195876288	[0.9932 0.9952 0.9864 0.9606 0.8248 0.6064 0.0306 0.9556]	0.17039622	[-0.9956325 -0.5910567]
7	2	-0.7294249	-1.1168953	12.4203825	12.743105	-0.0007278350515463883	0.662201030927835	-0.0007278350515463883	1.9770556701030926	0.6590185567010308	[0.993  0.9938 0.9878 0.9618 0.8392 0.6002 0.027  0.9528]	0.16601418	[-0.99587405 -0.5972051 ]
7	3	-0.68438166	-0.63651407	11.736001	12.106591	-0.008979381443299128	0.6532216494845359	-0.008979381443299128	2.6302773195876283	0.6575693298969071	[0.9926 0.9912 0.9828 0.9546 0.8198 0.5766 0.0256 0.9462]	0.16930419	[-0.9958551 -0.5967509]
7	4	-1.2714525	-0.5123789	10.464548	11.594213	0.005895876288659951	0.6591175257731958	0.005895876288659951	3.289394845360824	0.6578789690721648	[0.9926 0.9924 0.9866 0.9658 0.8282 0.589  0.0272 0.9524]	0.17090191	[-0.9956748 -0.5915813]
7	5	-1.1136597	-0.6594916	9.350888	10.934721	0.004282474226804056	0.6633999999999999	0.004282474226804056	3.952794845360824	0.6587991408934707	[0.9968 0.993  0.9896 0.9636 0.8338 0.6002 0.0276 0.9632]	0.16985781	[-0.9957992 -0.5943087]
7	6	-1.253174	-0.79917747	8.097714	10.135544	0.009081443298969094	0.672481443298969	0.009081443298969094	4.6252762886597925	0.6607537555228274	[0.9978 0.9932 0.989  0.9596 0.8602 0.6324 0.0262 0.9736]	0.16781105	[-0.99591476 -0.59754145]
7	7	-0.67154396	-0.67330325	7.4261703	9.46224	-0.012314432989690705	0.6601670103092783	-0.012314432989690705	5.285443298969071	0.6606804123711338	[0.9988 0.9916 0.9828 0.9544 0.8312 0.6008 0.0234 0.9598]	0.16549946	[-0.99608326 -0.60439557]
7	8	-0.7291895	-0.725144	6.696981	8.737096	0.005708247422680501	0.6658752577319588	0.005708247422680501	5.95131855670103	0.6612576174112256	[0.9982 0.9932 0.9822 0.9566 0.8422 0.622  0.0232 0.9634]	0.1682448	[-0.9958459  -0.59661376]
7	9	-0.62334555	-0.68862885	6.0736356	8.048467	-0.00021443298969092695	0.6656608247422678	-0.00021443298969092695	6.616979381443298	0.6616979381443298	[0.9978 0.9934 0.986  0.9546 0.8408 0.6098 0.0356 0.9542]	0.16655843	[-0.99594945 -0.6003903 ]
7	10	-1.0510079	-0.40057552	5.022628	7.647891	0.024368041237113558	0.6900288659793814	0.024368041237113558	7.307008247422679	0.6642734770384254	[0.9944 0.9948 0.9874 0.9684 0.8928 0.7096 0.026  0.966 ]	0.16609268	[-0.99591094 -0.59888035]
7	11	-0.75006616	-0.5293878	4.2725616	7.118503	-0.011985567010309284	0.6780432989690721	-0.011985567010309284	7.985051546391752	0.6654209621993127	[0.9986 0.994  0.989  0.9614 0.8736 0.6684 0.0264 0.9472]	0.16047658	[-0.99632484 -0.6148027 ]
7	12	-0.60801923	-0.5534297	3.6645422	6.5650735	-0.003231958762886511	0.6748113402061856	-0.003231958762886511	8.659862886597937	0.6661432989690721	[0.9982 0.9948 0.9856 0.9608 0.8728 0.662  0.0252 0.935 ]	0.164153	[-0.99610895 -0.60663575]
7	13	-1.2145038	-0.7125346	2.4500384	5.852539	0.010870103092783467	0.6856814432989691	0.010870103092783467	9.345544329896907	0.6675388807069219	[0.9976 0.9918 0.9858 0.9624 0.8894 0.7086 0.025  0.9416]	0.16658325	[-0.99602556 -0.60433125]
7	14	-0.8491775	-0.51632726	1.600861	5.3362117	-0.0012164948453609048	0.6844649484536082	-0.0012164948453609048	10.030009278350514	0.6686672852233676	[0.9992 0.9954 0.9898 0.9712 0.8918 0.6858 0.0266 0.9472]	0.16164398	[-0.9962055  -0.61167717]
8	0	-0.9622023	-1.0393629	14.037798	13.960637	-0.004140206185567097	0.6468443298969071	-0.004140206185567097	0.6468443298969071	0.6468443298969071	[0.995  0.9884 0.9768 0.946  0.8078 0.559  0.0244 0.947 ]	0.17538905	[-0.995689  -0.6055232]
8	1	-1.0073301	-0.6967394	13.030468	13.263898	0.008521649484536153	0.6553659793814433	0.008521649484536153	1.3022103092783504	0.6511051546391752	[0.9826 0.9922 0.9824 0.9522 0.8178 0.5864 0.0306 0.9464]	0.17659721	[-0.99563736 -0.6038613 ]
8	2	-0.48877007	-0.38527745	12.5416975	12.87862	-0.00469690721649485	0.6506690721649484	-0.00469690721649485	1.9528793814432988	0.6509597938144329	[0.9902 0.9886 0.978  0.9432 0.8092 0.5816 0.0264 0.9414]	0.17184383	[-0.99574506 -0.60823035]
8	3	-1.2353965	-0.701486	11.306301	12.1771345	-0.0023000000000000798	0.6483690721649483	-0.0023000000000000798	2.601248453608247	0.6503121134020617	[0.9936 0.9876 0.9744 0.9438 0.8142 0.566  0.0286 0.9394]	0.17273453	[-0.995664  -0.6060282]
8	4	-0.80027634	-0.6281318	10.506024	11.549003	0.014819587628865927	0.6631886597938143	0.014819587628865927	3.264437113402061	0.6528874226804122	[0.995  0.9904 0.9858 0.96   0.8342 0.6086 0.0278 0.9564]	0.17561305	[-0.99561745 -0.6042227 ]
8	5	-1.2139319	-0.92271066	9.292092	10.626292	-0.011463917525773026	0.6517247422680412	-0.011463917525773026	3.9161618556701026	0.6526936426116837	[0.996  0.9892 0.9772 0.9446 0.8164 0.5812 0.0242 0.946 ]	0.17091307	[-0.99594426 -0.6126573 ]
8	6	-0.89585084	-0.757334	8.396241	9.868958	-0.0012072164948454533	0.6505175257731958	-0.0012072164948454533	4.566679381443298	0.652382768777614	[0.9884 0.9908 0.9788 0.9462 0.8132 0.576  0.0278 0.9378]	0.17423508	[-0.9957146  -0.60679567]
8	7	-0.9430223	-0.62177765	7.453219	9.247181	0.013128865979381565	0.6636463917525773	0.013128865979381565	5.230325773195875	0.6537907216494844	[0.9982 0.9912 0.9838 0.9518 0.833  0.6184 0.0278 0.9524]	0.17429057	[-0.9956522 -0.6054872]
8	8	-1.0381836	-0.6434164	6.4150352	8.603765	-0.0030268041237113685	0.660619587628866	-0.0030268041237113685	5.890945360824741	0.6545494845360823	[0.9982 0.9926 0.9794 0.9422 0.8318 0.6038 0.0312 0.955 ]	0.16940889	[-0.9959468 -0.6134846]
8	9	-0.76548165	-0.87509924	5.649554	7.7286654	0.007794845360824532	0.6684144329896905	0.007794845360824532	6.559359793814432	0.6559359793814432	[0.998  0.9946 0.9852 0.961  0.8582 0.6266 0.0234 0.955 ]	0.17054188	[-0.99589175 -0.6124345 ]
8	10	-0.70370257	-0.6545694	4.9458513	7.0740957	0.030311340206185755	0.6987257731958763	0.030311340206185755	7.258085567010308	0.6598259606373008	[0.998  0.994  0.9908 0.9764 0.9066 0.7308 0.0304 0.9752]	0.1727682	[-0.99604565 -0.6162759 ]
8	11	-0.9418867	-0.5824445	4.0039644	6.491651	-0.010990721649484558	0.6877350515463917	-0.010990721649484558	7.9458206185567	0.6621517182130584	[0.998  0.997  0.9918 0.9734 0.8932 0.688  0.0306 0.9584]	0.16075477	[-0.99653935 -0.63372254]
8	12	-0.45036757	-0.8474691	3.553597	5.644182	-0.018145360824742385	0.6695896907216493	-0.018145360824742385	8.61541030927835	0.6627238699444884	[0.9932 0.9964 0.9936 0.9674 0.8516 0.6352 0.0296 0.93  ]	0.16600525	[-0.99635327 -0.626663  ]
8	13	-1.2193679	-0.5242938	2.334229	5.1198883	-0.022552577319587486	0.6470371134020618	-0.022552577319587486	9.262447422680411	0.6616033873343151	[0.9974 0.9946 0.9814 0.9444 0.815  0.57   0.0234 0.9154]	0.171547	[-0.9960028 -0.6147746]
8	14	-0.8500802	-0.3365785	1.4841487	4.78331	0.03584432989690711	0.6828814432989689	0.03584432989690711	9.94532886597938	0.6630219243986254	[0.9862 0.9952 0.9898 0.971  0.8826 0.6858 0.0262 0.9488]	0.17939185	[-0.9955878  -0.60263443]
9	0	-0.87174624	-0.54694426	14.128254	14.453055	0.0018907216494845613	0.6497030927835051	0.0018907216494845613	0.6497030927835051	0.6497030927835051	[0.9912 0.986  0.977  0.9494 0.8088 0.5694 0.0332 0.9356]	0.18060485	[-0.9955689 -0.5794844]
9	1	-1.3492709	-0.8551775	12.778983	13.5978775	0.003311340206185398	0.6530144329896905	0.003311340206185398	1.3027175257731956	0.6513587628865978	[0.9948 0.984  0.9822 0.9488 0.8114 0.5764 0.0312 0.952 ]	0.18037254	[-0.9955712  -0.58055335]
9	2	-1.0096589	-0.24286413	11.769324	13.355013	0.005557731958762968	0.6585721649484535	0.005557731958762968	1.961289690721649	0.6537632302405497	[0.987  0.9868 0.9762 0.9516 0.8246 0.6046 0.0292 0.951 ]	0.17839168	[-0.9956846  -0.58338463]
9	3	-0.99643797	-0.7198965	10.772886	12.635117	-0.0006051546391752094	0.6579670103092783	-0.0006051546391752094	2.6192567010309276	0.6548141752577319	[0.994  0.9906 0.9856 0.9464 0.8354 0.5958 0.0244 0.95  ]	0.17598107	[-0.99574906 -0.58742297]
9	4	-1.0194649	-0.46969414	9.753422	12.165422	0.003190721649484418	0.6611577319587627	0.003190721649484418	3.2804144329896903	0.656082886597938	[0.9966 0.992  0.9848 0.9582 0.831  0.5974 0.0264 0.9634]	0.17977062	[-0.99578714 -0.5874749 ]
9	5	-0.85754496	-0.5627928	8.895877	11.60263	0.003252577319587724	0.6644103092783504	0.003252577319587724	3.9448247422680405	0.6574707903780067	[0.9974 0.992  0.9868 0.9612 0.8452 0.6066 0.0214 0.9702]	0.17888123	[-0.995889   -0.58879983]
9	6	-0.9334773	-0.3800827	7.9623995	11.222547	0.004150515463917537	0.668560824742268	0.004150515463917537	4.613385567010308	0.6590550810014726	[0.9858 0.9886 0.9844 0.9588 0.838  0.6306 0.0306 0.967 ]	0.17942803	[-0.99597013 -0.5913067 ]
9	7	-0.88788575	-0.4547491	7.074514	10.767797	0.007376288659793784	0.6759371134020618	0.007376288659793784	5.28932268041237	0.6611653350515463	[0.9972 0.9932 0.9846 0.9586 0.8588 0.6476 0.0322 0.9728]	0.1717725	[-0.9959693  -0.59372616]
9	8	-1.5603285	-0.75846094	5.5141854	10.009336	0.009638144329896958	0.6855752577319587	0.009638144329896958	5.974897938144329	0.6638775486827032	[0.9924 0.994  0.9878 0.9664 0.8744 0.6914 0.0244 0.9804]	0.1718711	[-0.99613994 -0.59839666]
9	9	-0.8852979	-0.6462987	4.6288877	9.363038	0.009079381443298895	0.6946546391752576	0.009079381443298895	6.669552577319586	0.6669552577319586	[0.996  0.9918 0.9866 0.9638 0.8898 0.7232 0.0374 0.97  ]	0.16857558	[-0.9963071  -0.60496897]
9	10	-1.0325879	-0.67118835	3.5962996	8.69185	0.010887628865979493	0.7055422680412371	0.010887628865979493	7.375094845360824	0.6704631677600749	[0.9972 0.9926 0.9908 0.9732 0.9098 0.7548 0.0352 0.988 ]	0.16330878	[-0.9964045 -0.6094982]
9	11	-1.2242607	-0.9740389	2.3720388	7.7178106	0.009465979381443224	0.7150082474226803	0.009465979381443224	8.090103092783504	0.6741752577319587	[0.996  0.9936 0.9944 0.9826 0.932  0.7972 0.0304 0.9796]	0.16088831	[-0.99661493 -0.6159078 ]
9	12	-0.7495432	-0.83413696	1.6224957	6.8836737	0.006536082474226768	0.7215443298969071	0.006536082474226768	8.811647422680412	0.6778190325138779	[0.9958 0.994  0.9932 0.9788 0.942  0.8296 0.0312 0.9776]	0.16008666	[-0.996746  -0.6209536]
10	0	-0.68798137	-0.4777478	14.312018	14.522252	0.007069072164948342	0.6531896907216493	0.007069072164948342	0.6531896907216493	0.6531896907216493	[0.9932 0.987  0.9842 0.9556 0.8258 0.5742 0.0228 0.952 ]	0.16432372	[-0.995436   -0.54348487]
10	1	-0.9577564	-0.6863866	13.354262	13.835865	-0.001773195876288547	0.6514164948453608	-0.001773195876288547	1.3046061855670101	0.6523030927835051	[0.9944 0.9906 0.9796 0.9448 0.8182 0.5746 0.028  0.9412]	0.16460335	[-0.9955805 -0.547574 ]
10	2	-1.0256218	-0.40647358	12.328641	13.429392	0.00948247422680415	0.6608989690721649	0.00948247422680415	1.965505154639175	0.6551683848797251	[0.9894 0.9874 0.9778 0.9524 0.8374 0.605  0.0318 0.9498]	0.16380003	[-0.9955152  -0.54681396]
10	3	-1.3210906	-0.3851731	11.00755	13.044219	0.006425773195876228	0.6673247422680412	0.006425773195876228	2.632829896907216	0.658207474226804	[0.9958 0.9894 0.9844 0.9656 0.849  0.6126 0.0296 0.9662]	0.15889362	[-0.99566394 -0.5525448 ]
10	4	-1.2964059	-0.5425128	9.711144	12.501706	-0.0061752577319588164	0.6611494845360824	-0.0061752577319588164	3.2939793814432985	0.6587958762886597	[0.9974 0.9874 0.9826 0.9506 0.838  0.604  0.0284 0.9542]	0.15909216	[-0.99585897 -0.55594504]
10	5	-1.054656	-0.6639205	8.656488	11.837786	0.012826804123711288	0.6739762886597936	0.012826804123711288	3.967955670103092	0.661325945017182	[0.9982 0.994  0.9884 0.9624 0.8536 0.6332 0.0324 0.9754]	0.15958267	[-0.9957175 -0.5528558]
10	6	-0.7757359	-0.37089366	7.8807526	11.466892	0.0031896907216495407	0.6771659793814432	0.0031896907216495407	4.645121649484535	0.6635888070692193	[0.9934 0.9932 0.9908 0.966  0.8664 0.6414 0.0322 0.9764]	0.155177	[-0.9960103 -0.5608272]
10	7	-1.2162093	-0.2044374	6.664543	11.262455	-0.0013216494845360582	0.6758443298969071	-0.0013216494845360582	5.320965979381442	0.6651207474226802	[0.998  0.995  0.9874 0.9634 0.8582 0.6452 0.0284 0.9758]	0.15477139	[-0.9960501  -0.56277287]
10	8	-1.2925956	-0.35232612	5.3719473	10.910129	0.011737113402062072	0.6875814432989692	0.011737113402062072	6.008547422680411	0.6676163802978234	[0.9976 0.9928 0.9846 0.9596 0.88   0.6992 0.027  0.9826]	0.15468928	[-0.99604625 -0.5624261 ]
10	9	-0.84107494	-0.50950664	4.5308723	10.400622	0.014825773195875969	0.7024072164948452	0.014825773195875969	6.710954639175256	0.6710954639175256	[0.9976 0.993  0.9912 0.9736 0.912  0.7452 0.0296 0.9846]	0.14824885	[-0.9962353 -0.5706843]
10	10	-0.90306544	-0.5731869	3.627807	9.8274355	0.007550515463917606	0.7099577319587628	0.007550515463917606	7.420912371134019	0.6746283973758199	[0.9868 0.9944 0.9932 0.9816 0.9218 0.7742 0.0304 0.9878]	0.14484936	[-0.99647576 -0.57864416]
10	11	-0.86730224	-0.27906612	2.7605047	9.548369	0.008851546391752563	0.7188092783505153	0.008851546391752563	8.139721649484535	0.6783101374570446	[0.9948 0.9976 0.9934 0.9818 0.9446 0.8054 0.0276 0.9934]	0.14181903	[-0.9965733  -0.58273906]
10	12	-1.1274353	-0.5787612	1.6330694	8.969608	0.008038144329897023	0.7268474226804124	0.008038144329897023	8.866569072164948	0.682043774781919	[0.9962 0.9962 0.9948 0.9844 0.952  0.8402 0.031  0.9902]	0.14178869	[-0.9967402 -0.5882544]
11	0	-0.8192072	-0.6390962	14.180793	14.360904	0.011841237113402014	0.6571340206185565	0.011841237113402014	0.6571340206185565	0.6571340206185565	[0.9942 0.9916 0.9872 0.957  0.8242 0.5872 0.0288 0.9452]	0.16949774	[-0.9953531  -0.51217914]
11	1	-0.91726273	-0.75589365	13.26353	13.60501	0.0032979381443298816	0.6604319587628864	0.0032979381443298816	1.317565979381443	0.6587829896907215	[0.9954 0.99   0.9832 0.9512 0.8196 0.6042 0.0338 0.95  ]	0.16662663	[-0.9955888 -0.5187223]
11	2	-0.95118475	-0.48116222	12.3123455	13.123848	-0.015140206185566885	0.6452917525773195	-0.015140206185566885	1.9628577319587626	0.6542859106529209	[0.9916 0.9866 0.9794 0.9434 0.8036 0.5652 0.0192 0.941 ]	0.16159056	[-0.9956371  -0.52134013]
11	3	-0.6311779	-0.34099087	11.681168	12.782857	0.005418556701030863	0.6507103092783504	0.005418556701030863	2.613568041237113	0.6533920103092783	[0.9952 0.9894 0.9794 0.9464 0.8204 0.5688 0.0278 0.9424]	0.16926926	[-0.9953552  -0.51342034]
11	4	-0.9976974	-0.61328685	10.68347	12.16957	0.011625773195876321	0.6623360824742267	0.011625773195876321	3.27590412371134	0.655180824742268	[0.9982 0.993  0.9888 0.955  0.8336 0.5962 0.0314 0.9602]	0.16924788	[-0.99545324 -0.5157124 ]
11	5	-0.90310556	-0.47626486	9.780364	11.693305	0.0007525773195876662	0.6630886597938144	0.0007525773195876662	3.9389927835051544	0.656498797250859	[0.9868 0.9926 0.9848 0.9554 0.8294 0.6108 0.0304 0.9576]	0.1645817	[-0.9957259  -0.52255404]
11	6	-0.8944174	-0.91262126	8.885946	10.7806835	-0.0005041237113402319	0.6625845360824741	-0.0005041237113402319	4.601577319587628	0.6573681885125183	[0.9924 0.9942 0.9848 0.9584 0.8392 0.5984 0.0288 0.9614]	0.16143513	[-0.9956915  -0.52369565]
11	7	-0.74844486	-0.6368536	8.137502	10.14383	-0.013182474226804075	0.6494020618556701	-0.013182474226804075	5.250979381443298	0.6563724226804123	[0.996  0.9872 0.977  0.9446 0.8142 0.5762 0.0238 0.9382]	0.16529272	[-0.9957157 -0.5231151]
11	8	-1.1149147	-0.78460187	7.022587	9.359228	0.027180412371134	0.6765824742268041	0.027180412371134	5.927561855670103	0.6586179839633447	[0.9966 0.9946 0.9854 0.9636 0.8674 0.6386 0.0382 0.966 ]	0.16831674	[-0.9954159  -0.51530874]
11	9	-0.94282085	-0.39384502	6.079766	8.965384	-0.004362886597938265	0.6722195876288658	-0.004362886597938265	6.599781443298968	0.6599781443298969	[0.9986 0.9906 0.9856 0.9602 0.8562 0.6402 0.0278 0.9628]	0.15962954	[-0.9959618 -0.5311848]
11	10	-1.0966836	-0.45296147	4.9830823	8.512422	0.024172164948453756	0.6963917525773196	0.024172164948453756	7.296173195876288	0.6632884723523899	[0.9984 0.991  0.9876 0.963  0.9008 0.7304 0.0326 0.9734]	0.15990299	[-0.9958929  -0.52912116]
11	11	-0.77523136	-0.6030241	4.207851	7.9093976	0.0029412371134019955	0.6993329896907216	0.0029412371134019955	7.9955061855670095	0.6662921821305842	[0.9968 0.9956 0.9922 0.9764 0.908  0.7368 0.03   0.9678]	0.14860785	[-0.99630636 -0.54490715]
11	12	-0.987898	-0.47676608	3.219953	7.4326315	-0.00420103092783497	0.6951319587628866	-0.00420103092783497	8.690638144329895	0.6685106264869151	[0.9994 0.9972 0.9934 0.975  0.893  0.7174 0.0374 0.9574]	0.15055184	[-0.99635977 -0.5455893 ]
11	13	-1.0032157	-0.44099215	2.2167373	6.991639	0.005458762886597857	0.7005907216494844	0.005458762886597857	9.39122886597938	0.67080206185567	[0.9824 0.9938 0.989  0.9756 0.9092 0.751  0.033  0.9596]	0.15107511	[-0.9962732  -0.54188335]
11	14	-1.0251819	-0.73638374	1.1915554	6.255255	0.017570103092783396	0.7181608247422678	0.017570103092783396	10.109389690721649	0.6739593127147766	[0.9904 0.9956 0.9966 0.9822 0.937  0.817  0.029  0.9722]	0.14775749	[-0.99631244 -0.54653597]
12	0	-1.3760784	-0.57207674	13.623921	14.427923	0.0020597938144329975	0.6452546391752576	0.0020597938144329975	0.6452546391752576	0.6452546391752576	[0.9856 0.9846 0.9782 0.9422 0.8004 0.5704 0.0244 0.9302]	0.18260339	[-0.9952209 -0.542359 ]
12	1	-0.89417773	-0.46150407	12.729744	13.966419	0.0042938144329897066	0.6495484536082473	0.0042938144329897066	1.2948030927835048	0.6474015463917524	[0.9952 0.9874 0.981  0.946  0.8092 0.5646 0.0282 0.9494]	0.18191326	[-0.9952373 -0.5445435]
12	2	-0.7124263	-0.8760668	12.017318	13.090352	-0.0014175257731958713	0.6481309278350514	-0.0014175257731958713	1.9429340206185564	0.6476446735395188	[0.9928 0.9888 0.9814 0.945  0.8148 0.5596 0.022  0.9538]	0.18270594	[-0.995409  -0.5471058]
12	3	-1.1810246	-0.8189404	10.836293	12.271412	0.017509278350515523	0.665640206185567	0.017509278350515523	2.6085742268041234	0.6521435567010309	[0.9892 0.9924 0.9864 0.9612 0.8484 0.6114 0.0264 0.963 ]	0.18479285	[-0.9953997  -0.54719424]
12	4	-1.1113303	-0.27148202	9.724963	11.999929	-0.003482474226804144	0.6621577319587628	-0.003482474226804144	3.2707319587628865	0.6541463917525773	[0.9946 0.9918 0.9842 0.9596 0.8358 0.6038 0.0242 0.9624]	0.17876819	[-0.9957198 -0.5568691]
12	5	-1.1695845	-0.3285216	8.555379	11.671408	0.0010154639175258273	0.6631731958762886	0.0010154639175258273	3.933905154639175	0.6556508591065292	[0.9866 0.9902 0.981  0.9524 0.8378 0.6044 0.0338 0.9626]	0.17974982	[-0.9956752  -0.55467737]
12	6	-0.8013315	-0.52055174	7.7540474	11.150856	0.007823711340206096	0.6709969072164947	0.007823711340206096	4.60490206185567	0.6578431516936671	[0.9972 0.99   0.982  0.9546 0.831  0.6498 0.028  0.9686]	0.17662889	[-0.99564016 -0.55572915]
12	7	-0.81896144	-0.8026175	6.935086	10.348239	0.010089690721649447	0.6810865979381442	0.010089690721649447	5.285988659793814	0.6607485824742267	[0.9972 0.9908 0.9902 0.9654 0.8682 0.66   0.0332 0.9784]	0.16985343	[-0.99583805 -0.5607061 ]
12	8	-1.2427809	-0.730591	5.6923046	9.617648	0.002975257731958836	0.684061855670103	0.002975257731958836	5.970050515463917	0.6633389461626575	[0.9964 0.993  0.987  0.9636 0.8632 0.6814 0.0366 0.9694]	0.17012157	[-0.99603194 -0.5659669 ]
12	9	-0.95123416	-0.7290974	4.7410703	8.888551	0.0042938144329895955	0.6883556701030926	0.0042938144329895955	6.65840618556701	0.665840618556701	[0.9976 0.993  0.9864 0.9586 0.8808 0.708  0.0268 0.9734]	0.16634053	[-0.99605423 -0.56742793]
12	10	-1.2199788	-0.5465482	3.5210915	8.342003	0.012384536082474251	0.7007402061855669	0.012384536082474251	7.359146391752577	0.6690133083411434	[0.9988 0.9948 0.9894 0.9706 0.906  0.7402 0.0362 0.971 ]	0.16556378	[-0.9961439  -0.57122296]
12	11	-0.80243087	-0.6423363	2.7186606	7.6996665	0.019704123711340338	0.7204443298969072	0.019704123711340338	8.079590721649485	0.6732992268041237	[0.9966 0.9958 0.9924 0.9838 0.9456 0.8148 0.0324 0.9806]	0.16215602	[-0.9963334  -0.57696974]
12	12	-0.94776356	-0.5902859	1.770897	7.1093807	-0.0017855670103092969	0.7186587628865979	-0.0017855670103092969	8.798249484536083	0.676788421887391	[0.9896 0.9942 0.9922 0.9792 0.9318 0.826  0.026  0.9818]	0.15659267	[-0.9966539  -0.58820635]
13	0	-0.8181645	-0.48967248	14.181835	14.510327	0.01807010309278334	0.653143298969072	0.01807010309278334	0.653143298969072	0.653143298969072	[0.9962 0.9884 0.9798 0.9488 0.8184 0.5862 0.0226 0.9464]	0.16572389	[-0.9949208 -0.5624435]
13	1	-1.1740754	-0.49674526	13.00776	14.013582	0.005006185567010379	0.6581494845360824	0.005006185567010379	1.3112927835051544	0.6556463917525772	[0.9924 0.9888 0.9844 0.9608 0.8322 0.5848 0.029  0.9532]	0.16492647	[-0.9953988  -0.57260543]
13	2	-0.8031108	-0.56713223	12.204649	13.44645	-0.007570103092783609	0.6505793814432987	-0.007570103092783609	1.9618721649484532	0.653957388316151	[0.9938 0.985  0.9772 0.9444 0.821  0.581  0.0226 0.9402]	0.16484888	[-0.9954913 -0.57426  ]
13	3	-0.7597584	-0.33654916	11.444891	13.109901	0.0025824742268043543	0.6531618556701031	0.0025824742268043543	2.6150340206185563	0.6537585051546391	[0.9966 0.9862 0.9762 0.9388 0.816  0.592  0.025  0.9484]	0.16568558	[-0.9953066 -0.5711133]
13	4	-0.8895543	-0.55603176	10.555337	12.553869	0.005038144329896799	0.6581999999999999	0.005038144329896799	3.273234020618556	0.6546468041237112	[0.9944 0.9916 0.9848 0.9594 0.8222 0.5934 0.0264 0.9516]	0.162286	[-0.9953817 -0.5734119]
13	5	-1.326701	-0.6149609	9.228636	11.938909	0.009094845360824722	0.6672948453608246	0.009094845360824722	3.9405288659793807	0.6567548109965634	[0.998  0.9948 0.9868 0.9652 0.8438 0.6118 0.0294 0.9646]	0.16359095	[-0.9955125  -0.57468885]
13	6	-1.0620294	-1.0086365	8.166607	10.930272	-0.009589690721649391	0.6577051546391752	-0.009589690721649391	4.5982340206185555	0.6568905743740794	[0.9976 0.9892 0.9776 0.9424 0.8324 0.5992 0.028  0.9476]	0.16163959	[-0.9957185 -0.5800912]
13	7	-1.0992591	-0.49823874	7.0673475	10.432034	0.02679278350515446	0.6844979381443297	0.02679278350515446	5.282731958762885	0.6603414948453606	[0.996  0.9944 0.9898 0.972  0.8866 0.671  0.0272 0.9782]	0.1625533	[-0.99546486 -0.5755603 ]
13	8	-1.1147004	-0.8646765	5.952647	9.567357	-0.004269072164948429	0.6802288659793813	-0.004269072164948429	5.962960824742266	0.6625512027491407	[0.9944 0.9912 0.9848 0.9564 0.863  0.6804 0.027  0.969 ]	0.15476878	[-0.99603486 -0.59042245]
13	9	-1.046042	-0.5611493	4.9066052	9.006207	0.020224742268041274	0.7004536082474225	0.020224742268041274	6.663414432989689	0.6663414432989689	[0.9974 0.9958 0.992  0.9744 0.9122 0.7264 0.0342 0.9842]	0.15011792	[-0.9959246  -0.58896494]
13	10	-1.0680242	-0.5477481	3.838581	8.45846	0.00605257731958786	0.7065061855670104	0.00605257731958786	7.3699206185567	0.6699927835051546	[0.9984 0.995  0.9904 0.9754 0.919  0.7688 0.025  0.9824]	0.1461488	[-0.99629563 -0.5989326 ]
13	11	-1.0156804	-0.82928336	2.8229008	7.6291766	0.007541237113401822	0.7140474226804122	0.007541237113401822	8.083968041237112	0.673664003436426	[0.998  0.9944 0.99   0.9768 0.923  0.7996 0.032  0.9796]	0.14307447	[-0.99640155 -0.6030264 ]
13	12	-0.7923465	-0.6122683	2.0305543	7.016908	-0.008960824742267892	0.7050865979381443	-0.008960824742267892	8.789054639175257	0.6760811260904044	[0.9796 0.9944 0.99   0.9748 0.9102 0.7754 0.0268 0.9728]	0.1375617	[-0.99649894 -0.6067134 ]
14	0	-0.87446344	-0.4310623	14.125537	14.568937	0.013512371134020484	0.6557371134020618	0.013512371134020484	0.6557371134020618	0.6557371134020618	[0.9934 0.9904 0.9842 0.9542 0.8334 0.5828 0.0226 0.952 ]	0.15084438	[-0.995068   -0.55318916]
14	1	-1.2748471	-0.897601	12.85069	13.671336	0.0003061855670102309	0.656043298969072	0.0003061855670102309	1.3117804123711339	0.6558902061855669	[0.9962 0.9934 0.9832 0.962  0.8326 0.5794 0.0224 0.9512]	0.15200402	[-0.9953896  -0.56077266]
14	2	-0.825214	-0.574497	12.0254755	13.096839	-0.0041896907216493195	0.6518536082474227	-0.0041896907216493195	1.9636340206185565	0.6545446735395188	[0.992  0.983  0.9776 0.942  0.8182 0.5828 0.0252 0.9504]	0.15380572	[-0.9954168 -0.5602719]
14	3	-0.90651536	-0.9295978	11.11896	12.167241	0.010209278350515438	0.6620628865979381	0.010209278350515438	2.6256969072164944	0.6564242268041236	[0.9916 0.989  0.9846 0.9564 0.8402 0.5942 0.0324 0.9622]	0.14869103	[-0.9952691 -0.5592759]
14	4	-1.0563954	-0.6468888	10.062565	11.520352	6.08247422680952e-05	0.6621237113402062	6.08247422680952e-05	3.2878206185567005	0.6575641237113401	[0.996  0.9924 0.9844 0.9534 0.8302 0.6074 0.0306 0.9514]	0.14748655	[-0.9954996 -0.5640747]
14	5	-0.67254233	-0.59944093	9.390022	10.920912	-0.0017701030927836925	0.6603536082474225	-0.0017701030927836925	3.948174226804123	0.6580290378006871	[0.9982 0.9924 0.9846 0.9546 0.8334 0.596  0.0254 0.9608]	0.14611478	[-0.9955007 -0.5639842]
14	6	-0.6584735	-0.42116842	8.731548	10.499743	-0.0034164948453607735	0.6569371134020617	-0.0034164948453607735	4.605111340206185	0.6578730486008836	[0.9932 0.99   0.9748 0.948  0.8236 0.596  0.029  0.9508]	0.14903037	[-0.99551237 -0.5636541 ]
14	7	-1.0987892	-0.40987664	7.632759	10.089867	0.004250515463917637	0.6611876288659794	0.004250515463917637	5.266298969072165	0.6582873711340206	[0.9918 0.9908 0.9804 0.9518 0.83   0.6068 0.0282 0.9582]	0.14753899	[-0.9953772 -0.5617088]
14	8	-0.74504244	-0.5610674	6.887717	9.528799	0.003169072164948439	0.6643567010309278	0.003169072164948439	5.930655670103093	0.6589617411225659	[0.997  0.993  0.978  0.9426 0.8244 0.6342 0.027  0.955 ]	0.14572623	[-0.9954811 -0.5641729]
14	9	-1.2707198	-0.29821417	5.616997	9.230585	0.012575257731958778	0.6769319587628866	0.012575257731958778	6.607587628865979	0.660758762886598	[0.9936 0.9934 0.9866 0.9566 0.8624 0.6552 0.0316 0.9684]	0.1410731	[-0.9955506  -0.56683725]
14	10	-1.0257249	-0.5452552	4.591272	8.685329	0.023830927835051585	0.7007628865979382	0.023830927835051585	7.308350515463918	0.6643955014058107	[0.9918 0.9956 0.9918 0.9738 0.9044 0.74   0.0308 0.9824]	0.13874929	[-0.9957999 -0.5733916]
14	11	-1.3259633	-0.45088997	3.2653086	8.23444	-0.0008649484536084051	0.6998979381443298	-0.0008649484536084051	8.008248453608248	0.6673540378006874	[0.9878 0.995  0.9936 0.9806 0.9118 0.74   0.0226 0.98  ]	0.12802215	[-0.9962308  -0.58615816]
14	12	-1.039104	-0.5635839	2.2262046	7.670856	-0.00348659793814432	0.6964113402061854	-0.00348659793814432	8.704659793814434	0.6695892149088026	[0.9808 0.9918 0.9886 0.9704 0.8946 0.7436 0.0304 0.9614]	0.13079117	[-0.9962151 -0.5856696]
15	0	-0.69386303	-0.38476953	14.306137	14.615231	0.0005298969072166093	0.6430886597938145	0.0005298969072166093	0.6430886597938145	0.6430886597938145	[0.9916 0.9858 0.9758 0.9346 0.7964 0.5604 0.023  0.9398]	0.14118645	[-0.9949511  -0.53261745]
15	1	-0.95372784	-0.5529975	13.352409	14.062233	0.00864639175257731	0.6517350515463918	0.00864639175257731	1.2948237113402064	0.6474118556701032	[0.9962 0.9874 0.9754 0.9506 0.8032 0.5806 0.0314 0.9412]	0.13994643	[-0.99494416 -0.53426015]
15	2	-0.92516226	-0.6308985	12.427247	13.4313345	-0.005517525773195864	0.6462175257731959	-0.005517525773195864	1.9410412371134023	0.6470137457044675	[0.9902 0.99   0.9758 0.9392 0.8084 0.5674 0.022  0.9398]	0.13645124	[-0.99512327 -0.5372634 ]
15	3	-1.0019556	-0.46881893	11.425291	12.962516	0.0029391752577319075	0.6491567010309278	0.0029391752577319075	2.59019793814433	0.6475494845360825	[0.9944 0.9892 0.9784 0.9468 0.8126 0.5662 0.0256 0.946 ]	0.14061236	[-0.995008  -0.5359944]
15	4	-1.4289613	-0.24946207	9.99633	12.713054	0.005180412371133869	0.6543371134020617	0.005180412371133869	3.244535051546392	0.6489070103092784	[0.9944 0.986  0.9788 0.939  0.8166 0.6018 0.0244 0.9418]	0.14045778	[-0.9950965  -0.53680766]
15	5	-1.0454499	-0.66735256	8.95088	12.045701	0.01634432989690726	0.670681443298969	0.01634432989690726	3.915216494845361	0.6525360824742269	[0.9846 0.9916 0.9882 0.9618 0.8556 0.6142 0.0364 0.9762]	0.13387421	[-0.99516344 -0.5402978 ]
15	6	-1.1750453	-0.039792597	7.775835	12.005908	0.0056876288659795105	0.6763690721649485	0.0056876288659795105	4.591585567010309	0.6559407952871871	[0.996  0.9924 0.9878 0.9554 0.8648 0.6458 0.0326 0.9746]	0.13060772	[-0.99553776 -0.5488988 ]
15	7	-0.7062483	-0.8407849	7.0695868	11.165123	0.010675257731958543	0.687044329896907	0.010675257731958543	5.2786298969072165	0.6598287371134021	[0.9978 0.9936 0.9918 0.9664 0.8866 0.6836 0.0266 0.9848]	0.12703691	[-0.9956738 -0.5528639]
15	8	-1.0788267	-1.1248953	5.99076	10.040228	-0.0028855670103090647	0.6841587628865979	-0.0028855670103090647	5.962788659793814	0.6625320733104237	[0.9766 0.9928 0.99   0.9652 0.8668 0.69   0.0272 0.9784]	0.12305328	[-0.9959048 -0.5588434]
15	9	-1.2332833	-0.52858865	4.757477	9.51164	0.01585257731958767	0.7000113402061856	0.01585257731958767	6.6628	0.66628	[0.996  0.992  0.9888 0.9732 0.8972 0.7514 0.0242 0.9824]	0.11900059	[-0.9957793  -0.55752563]
15	10	-1.1823515	-0.24317035	3.5751252	9.268469	0.005168041237113341	0.705179381443299	0.005168041237113341	7.367979381443298	0.6698163074039362	[0.987  0.993  0.9938 0.9782 0.9154 0.7662 0.0244 0.9808]	0.11360785	[-0.9961109 -0.5661374]
15	11	-0.9312473	-0.1285874	2.643878	9.139881	0.016813402061855554	0.7219927835051545	0.016813402061855554	8.089972164948453	0.6741643470790377	[0.9978 0.995  0.994  0.988  0.9466 0.8222 0.0254 0.9916]	0.11243985	[-0.9961729 -0.5689548]
15	12	-1.4201993	-0.430636	1.2236787	8.709245	-0.00024948453608253374	0.721743298969072	-0.00024948453608253374	8.811715463917524	0.6778242664551942	[0.9808 0.9936 0.9964 0.985  0.9474 0.8354 0.0208 0.9862]	0.10817503	[-0.99649113 -0.57808286]
16	0	-1.1696072	-0.42905134	13.830393	14.570949	0.007289690721649422	0.6502793814432989	0.007289690721649422	0.6502793814432989	0.6502793814432989	[0.992  0.9834 0.9812 0.946  0.8178 0.575  0.0218 0.9496]	0.16893548	[-0.9950393 -0.5204736]
16	1	-1.1614585	-0.5561519	12.668934	14.014796	-0.0030886597938145632	0.6471907216494843	-0.0030886597938145632	1.2974701030927833	0.6487350515463917	[0.9946 0.9896 0.9788 0.9356 0.8002 0.5642 0.0268 0.9502]	0.16866407	[-0.99522    -0.52408075]
16	2	-0.82770824	-0.8012656	11.841226	13.213531	0.0017680412371134935	0.6489587628865978	0.0017680412371134935	1.9464288659793811	0.6488096219931271	[0.9936 0.986  0.9766 0.9396 0.811  0.5768 0.0236 0.944 ]	0.16863997	[-0.9951886 -0.523127 ]
16	3	-1.0699294	-0.7862556	10.7712965	12.427275	0.008873195876288653	0.6578319587628865	0.008873195876288653	2.6042608247422674	0.6510652061855668	[0.9948 0.99   0.983  0.9542 0.8234 0.5924 0.0246 0.9608]	0.16811356	[-0.9951815  -0.52367467]
16	4	-0.89434814	-0.59239167	9.876948	11.834883	0.0010082474226803528	0.6588402061855668	0.0010082474226803528	3.2631010309278343	0.6526202061855668	[0.9952 0.9884 0.9784 0.9508 0.82   0.609  0.0248 0.9534]	0.16618809	[-0.9954205  -0.52817845]
16	5	-0.8394015	-0.67501634	9.037547	11.159866	0.010291752577319735	0.6691319587628866	0.010291752577319735	3.932232989690721	0.6553721649484535	[0.9844 0.9936 0.9864 0.9626 0.8554 0.6218 0.0288 0.9652]	0.16315392	[-0.99540436 -0.5287534 ]
16	6	-0.78547865	-0.8228649	8.2520685	10.337002	0.007874226804123752	0.6770061855670103	0.007874226804123752	4.6092391752577315	0.6584627393225331	[0.9988 0.9932 0.9886 0.961  0.8616 0.6518 0.0278 0.9758]	0.1624628	[-0.9956006  -0.53440106]
16	7	-0.8643836	-0.77132595	7.387685	9.565676	-0.006059793814433112	0.6709463917525772	-0.006059793814433112	5.280185567010308	0.6600231958762885	[0.9982 0.9938 0.9852 0.9594 0.8538 0.6424 0.0204 0.9644]	0.15778686	[-0.99581194 -0.53953964]
16	8	-0.8865323	-0.548747	6.5011525	9.016929	0.0025804123711341553	0.6735268041237114	0.0025804123711341553	5.95371237113402	0.6615235967926689	[0.9954 0.9946 0.9848 0.9594 0.8606 0.643  0.03   0.9602]	0.16130924	[-0.9956847 -0.5359929]
16	9	-1.0970439	-0.5815198	5.4041085	8.435409	-0.001367010309278549	0.6721597938144328	-0.001367010309278549	6.625872164948452	0.6625872164948452	[0.9954 0.9938 0.984  0.9518 0.8568 0.647  0.0304 0.9522]	0.16002196	[-0.9956957 -0.5369201]
16	10	-1.116757	-0.56479484	4.2873516	7.8706136	0.02182268041237123	0.693982474226804	0.02182268041237123	7.319854639175256	0.6654413308341142	[0.9986 0.9938 0.993  0.9678 0.899  0.71   0.0324 0.9758]	0.15893233	[-0.9956447 -0.5364593]
16	11	-1.0846863	-0.49039274	3.2026653	7.380221	-0.0011742268041237125	0.6928082474226803	-0.0011742268041237125	8.012662886597937	0.6677219072164947	[0.9972 0.9956 0.9908 0.9726 0.9008 0.7102 0.0306 0.9634]	0.14975882	[-0.99609   -0.5489643]
16	12	-1.2288874	-0.8192096	1.9737779	6.5610113	0.0345154639175258	0.7273237113402061	0.0345154639175258	8.739986597938143	0.6723066613798572	[0.9974 0.9954 0.9948 0.9848 0.949  0.8474 0.0332 0.98  ]	0.15215263	[-0.99604565 -0.5477654 ]
17	0	-1.0522897	-0.78301835	13.94771	14.216982	0.014273195876288614	0.6480773195876287	0.014273195876288614	0.6480773195876287	0.6480773195876287	[0.9822 0.982  0.9706 0.9422 0.8036 0.5772 0.0324 0.935 ]	0.1819447	[-0.995015   -0.49989316]
17	1	-0.9133302	-0.6807574	13.03438	13.536224	0.0051835051546393895	0.6532608247422681	0.0051835051546393895	1.3013381443298968	0.6506690721649484	[0.9938 0.9882 0.978  0.9516 0.8228 0.576  0.0258 0.954 ]	0.17505726	[-0.9952505  -0.50697273]
17	2	-1.0838015	-0.2915621	11.950579	13.244662	0.010374226804123476	0.6636350515463916	0.010374226804123476	1.9649731958762884	0.6549910652920962	[0.9944 0.9896 0.9854 0.96   0.8492 0.5984 0.0276 0.9656]	0.17902291	[-0.9954759  -0.51023406]
17	3	-0.8584552	-0.6267351	11.092123	12.617928	-0.005876288659793727	0.6577587628865978	-0.005876288659793727	2.6227319587628863	0.6556829896907216	[0.988  0.9892 0.986  0.9562 0.8374 0.592  0.0192 0.9588]	0.17645168	[-0.9956914 -0.5157027]
17	4	-0.6838696	-0.51538295	10.408254	12.102545	-0.00656597938144321	0.6511927835051546	-0.00656597938144321	3.273924742268041	0.6547849484536081	[0.9902 0.9926 0.9816 0.9464 0.8038 0.5674 0.0316 0.9538]	0.17804009	[-0.9955718 -0.5131345]
17	5	-0.88381964	-0.54541874	9.524434	11.557126	0.001779381443298922	0.6529721649484536	0.001779381443298922	3.9268969072164945	0.6544828178694158	[0.994  0.991  0.9822 0.9504 0.8122 0.5816 0.025  0.948 ]	0.17769037	[-0.9954507  -0.50924945]
17	6	-0.764292	-0.5344505	8.760142	11.0226755	0.011104123711340175	0.6640762886597937	0.011104123711340175	4.5909731958762885	0.6558533136966126	[0.9968 0.9956 0.9888 0.9564 0.847  0.593  0.0308 0.9672]	0.17791244	[-0.99547774 -0.5100544 ]
17	7	-1.217907	-0.5111728	7.5422354	10.511503	0.0051896907216494315	0.6692659793814432	0.0051896907216494315	5.260239175257731	0.6575298969072164	[0.9968 0.992  0.9844 0.9572 0.8556 0.623  0.0282 0.9682]	0.17721385	[-0.9957287  -0.51624936]
17	8	-0.8982014	-1.0384865	6.644034	9.473017	-0.00013917525773188277	0.6691268041237113	-0.00013917525773188277	5.929365979381442	0.6588184421534936	[0.9982 0.991  0.9858 0.9568 0.842  0.6338 0.0252 0.9674]	0.1726034	[-0.99580455 -0.51963043]
17	9	-0.6937822	-0.46309337	5.9502516	9.009923	0.007783505154639103	0.6769103092783504	0.007783505154639103	6.606276288659792	0.6606276288659793	[0.9814 0.9916 0.9802 0.9542 0.8614 0.668  0.0304 0.9658]	0.1700284	[-0.9958117  -0.51962084]
17	10	-1.2266216	-0.5414622	4.72363	8.468461	0.018945360824742297	0.6958556701030927	0.018945360824742297	7.302131958762885	0.6638301780693532	[0.9988 0.9956 0.9908 0.9764 0.8976 0.7202 0.0284 0.978 ]	0.16332045	[-0.9958733  -0.52525276]
17	11	-0.751416	-0.5219169	3.972214	7.946544	0.003042268041237084	0.6988979381443298	0.003042268041237084	8.001029896907214	0.6667524914089346	[0.9972 0.9964 0.992  0.9734 0.9032 0.7434 0.0272 0.9654]	0.1594047	[-0.99628675 -0.5347039 ]
17	12	-1.140814	-0.5614439	2.8314	7.3851004	0.012868041237113492	0.7117659793814433	0.012868041237113492	8.712795876288657	0.6702150674068198	[0.9956 0.991  0.993  0.9738 0.9274 0.7936 0.0278 0.9784]	0.15697922	[-0.99630976 -0.5368095 ]
17	13	-0.8908279	-0.46130383	1.940572	6.9237967	0.021827835051546396	0.7335938144329897	0.021827835051546396	9.446389690721647	0.674742120765832	[0.9976 0.9972 0.9994 0.9934 0.959  0.865  0.0292 0.9928]	0.14882514	[-0.99651414 -0.54496485]
17	14	-0.69751644	-0.3013863	1.2430556	6.6224103	-0.01653195876288671	0.7170618556701029	-0.01653195876288671	10.16345154639175	0.6775634364261166	[0.9936 0.9954 0.9934 0.9778 0.9336 0.8236 0.0226 0.9742]	0.14279914	[-0.9968811 -0.5565506]
18	0	-0.8972043	-0.5951134	14.102796	14.404886	0.0056711340206184735	0.6528051546391751	0.0056711340206184735	0.6528051546391751	0.6528051546391751	[0.9944 0.9906 0.9802 0.946  0.822  0.573  0.029  0.9492]	0.19014737	[-0.99555236 -0.5480075 ]
18	1	-0.820271	-0.43917623	13.282524	13.96571	0.001658762886598053	0.6544639175257732	0.001658762886598053	1.3072690721649483	0.6536345360824741	[0.9904 0.99   0.9828 0.95   0.8244 0.5798 0.0272 0.9508]	0.18874837	[-0.9956689  -0.55209816]
18	2	-0.7862395	-0.6686476	12.4962845	13.297062	-0.0009494845360824566	0.6535144329896907	-0.0009494845360824566	1.960783505154639	0.653594501718213	[0.9942 0.9904 0.9808 0.9512 0.8214 0.5826 0.0266 0.94  ]	0.18769956	[-0.9956939 -0.5530167]
18	3	-0.863919	-0.4817253	11.632365	12.815336	-0.0005257731958764333	0.6529886597938143	-0.0005257731958764333	2.613772164948453	0.6534430412371133	[0.9964 0.987  0.9802 0.9486 0.8162 0.5874 0.022  0.9474]	0.18835768	[-0.9956622 -0.5518126]
18	4	-0.80576754	-0.858358	10.826597	11.956978	0.00877835051546394	0.6617670103092782	0.00877835051546394	3.275539175257731	0.6551078350515462	[0.9948 0.9926 0.988  0.9596 0.8396 0.592  0.0264 0.966 ]	0.18693532	[-0.99567735 -0.55235106]
18	5	-1.1115496	-0.42992637	9.715048	11.527052	0.0018701030927835705	0.6636371134020618	0.0018701030927835705	3.9391762886597927	0.6565293814432988	[0.9958 0.9922 0.9832 0.959  0.8392 0.6124 0.0236 0.96  ]	0.18696025	[-0.99588233 -0.5570879 ]
18	6	-0.9793267	-0.9277283	8.735722	10.599323	0.0030474226804123594	0.6666845360824741	0.0030474226804123594	4.605860824742267	0.6579801178203238	[0.9962 0.9902 0.985  0.963  0.843  0.6206 0.0264 0.9604]	0.18433136	[-0.99589396 -0.5582335 ]
18	7	-1.0037951	-0.6089439	7.7319264	9.990379	-0.0051670103092782416	0.6615175257731959	-0.0051670103092782416	5.267378350515463	0.6584222938144328	[0.9964 0.991  0.9824 0.9472 0.8352 0.6116 0.023  0.9598]	0.18244113	[-0.9959395  -0.55940473]
18	8	-1.115687	0.0026961565	6.6162395	9.993075	0.018365979381443243	0.6798835051546391	0.018365979381443243	5.947261855670102	0.6608068728522336	[0.998  0.9946 0.9922 0.971  0.8634 0.6498 0.0328 0.979 ]	0.18341908	[-0.9958524  -0.55807275]
18	9	-1.224601	-0.8606367	5.3916388	9.132439	-0.007586597938144313	0.6722969072164948	-0.007586597938144313	6.619558762886597	0.6619558762886597	[0.9984 0.99   0.9856 0.9542 0.8556 0.655  0.0198 0.963 ]	0.17716452	[-0.9962148 -0.5670844]
18	10	-1.0040501	-0.7088147	4.3875885	8.423624	0.014728865979381278	0.6870257731958761	0.014728865979381278	7.3065845360824735	0.6642349578256794	[0.9966 0.9956 0.9866 0.959  0.8792 0.7074 0.0272 0.9602]	0.17789885	[-0.99605083 -0.56424785]
18	11	-1.5009564	-0.61660415	2.886632	7.8070197	0.026232989690721742	0.7132587628865978	0.026232989690721742	8.019843298969072	0.6683202749140893	[0.9908 0.9982 0.9916 0.979  0.9314 0.7978 0.0244 0.9806]	0.16990413	[-0.9962749  -0.57211745]
18	12	-0.6244563	-0.75324726	2.2621756	7.0537724	0.00042268041237114584	0.713681443298969	0.00042268041237114584	8.73352474226804	0.67180959555908	[0.998  0.9948 0.9954 0.9808 0.932  0.7978 0.0236 0.9802]	0.15888458	[-0.99671024 -0.5868838 ]
18	13	-0.9630212	-0.5352171	1.2991543	6.518555	0.005759793814433145	0.7194412371134021	0.005759793814433145	9.452965979381442	0.675211855670103	[0.9726 0.9946 0.9964 0.9796 0.9376 0.8334 0.0258 0.9746]	0.15892759	[-0.9967307 -0.5868745]
19	0	-1.057664	-0.16720092	13.942336	14.832799	0.000671134020618469	0.6496814432989689	0.000671134020618469	0.6496814432989689	0.6496814432989689	[0.9934 0.9834 0.979  0.9498 0.8156 0.5816 0.0204 0.9358]	0.1685147	[-0.9956464 -0.5405926]
19	1	-1.317879	-0.234682	12.624457	14.598117	0.0015597938144330525	0.651241237113402	0.0015597938144330525	1.3009226804123708	0.6504613402061854	[0.9924 0.9876 0.9794 0.9426 0.817  0.5826 0.0276 0.934 ]	0.16600263	[-0.9956171 -0.5412498]
19	2	-0.9682606	-0.7929127	11.656197	13.805204	0.0006350515463918738	0.6518762886597939	0.0006350515463918738	1.9527989690721648	0.6509329896907216	[0.9908 0.9864 0.9794 0.951  0.8138 0.5744 0.0296 0.9464]	0.16469347	[-0.99563134 -0.54237956]
19	3	-1.1852168	-0.54120827	10.47098	13.263996	0.003919587628865906	0.6557958762886598	0.003919587628865906	2.6085948453608245	0.6521487113402061	[0.994  0.989  0.982  0.9528 0.83   0.5918 0.0202 0.9502]	0.16483772	[-0.9956713  -0.54242146]
19	4	-0.70764863	-0.3060674	9.763331	12.957929	0.011853608247422542	0.6676494845360823	0.011853608247422542	3.276244329896907	0.6552488659793814	[0.9966 0.9914 0.9858 0.9582 0.8514 0.625  0.0224 0.9652]	0.1651617	[-0.9957776 -0.5453572]
19	5	-1.1603551	-0.6905701	8.602976	12.267359	-0.009556701030927761	0.6580927835051545	-0.009556701030927761	3.9343371134020613	0.6557228522336769	[0.996  0.9898 0.9814 0.948  0.8304 0.5966 0.0254 0.9546]	0.15977767	[-0.9960191  -0.55217505]
19	6	-1.1477757	-0.32558775	7.4552	11.941771	0.014526804123711323	0.6726195876288659	0.014526804123711323	4.606956701030927	0.6581366715758467	[0.9962 0.9932 0.9854 0.9624 0.8496 0.6384 0.0296 0.9686]	0.16289431	[-0.99582267 -0.54693717]
19	7	-1.0433832	-0.6800215	6.411817	11.261749	0.0035061855670103226	0.6761257731958762	0.0035061855670103226	5.283082474226803	0.6603853092783504	[0.999  0.994  0.9876 0.9636 0.8574 0.6502 0.0254 0.9774]	0.15586856	[-0.9961034 -0.5545423]
19	8	-0.84446836	-0.51341194	5.5673485	10.748338	0.01807422680412374	0.6941999999999999	0.01807422680412374	5.9772824742268025	0.6641424971363113	[0.9962 0.995  0.9886 0.9692 0.893  0.7182 0.0262 0.9862]	0.15479527	[-0.9961974 -0.557064 ]
19	9	-0.88927853	-0.6161088	4.67807	10.132229	0.005938144329896922	0.7001381443298968	0.005938144329896922	6.677420618556699	0.6677420618556699	[0.9976 0.993  0.99   0.9758 0.9006 0.7408 0.0266 0.9878]	0.14422855	[-0.99648106 -0.5673385 ]
19	10	-0.8345572	-0.5092365	3.843513	9.6229925	0.008163917525773168	0.70830206185567	0.008163917525773168	7.385722680412369	0.6714293345829426	[0.9968 0.9922 0.9906 0.9782 0.9198 0.7718 0.0286 0.9856]	0.14051235	[-0.9965734 -0.5701747]
19	11	-1.0558348	-0.52086234	2.7876782	9.10213	0.012523711340206134	0.7208257731958762	0.012523711340206134	8.106548453608244	0.6755457044673537	[0.9894 0.9974 0.9938 0.9872 0.9414 0.8228 0.0246 0.9892]	0.13606271	[-0.99668074 -0.5746619 ]
19	12	-1.1401863	-0.6317391	1.6474919	8.470391	0.004113402061855731	0.7249391752577319	0.004113402061855731	8.831487628865975	0.6793452022204597	[0.9962 0.9948 0.993  0.9874 0.9556 0.8454 0.0168 0.9922]	0.13099688	[-0.9968694  -0.58189327]
