t_p	t_off	vol_flow	p_control	gamma_global	gamma_local[0]	gamma_local[1]	gamma_local[2]	gamma_local[3]	gamma_local[4]	gamma_local[5]	gamma_local[6]	gamma_local[7]
0.001	0.003	60.40533704834138	0.5148104821720481	0.8736927835051547	0.9998	0.9962	0.8042	0.9872	0.9912	0.8492	0.7658	0.8266
0.001	0.004	59.8958640723358	0.6413900810165084	0.923719587628866	0.9888	0.9976	0.9636	0.993	0.9948	0.9226	0.84	0.84
0.001	0.005	59.98413359004916	0.8384961315820989	0.9531494845360825	0.9994	0.9966	0.9536	0.9968	0.9978	0.9594	0.9204	0.8678
0.001	0.006	59.6089655228734	1.3923391779964864	0.9730721649484535	0.9604	0.9968	0.979	0.9968	0.998	0.979	0.9752	0.8896
0.001	0.007	59.87919737725936	2.170816007974303	0.9810773195876289	0.9944	0.9986	0.9804	0.9966	0.9984	0.9888	0.9858	0.9036
0.001	0.008	59.96048977009855	2.6147719942814107	0.9803896907216495	0.9966	0.9978	0.9852	0.995	0.999	0.9818	0.9864	0.904
0.001	0.009000000000000001	59.82597219893937	2.7897366202659524	0.9797360824742269	0.9836	0.9938	0.9738	0.9958	0.9984	0.9854	0.99	0.9044
0.001	0.01	60.44876949601	2.940680417861683	0.9766185567010309	0.9952	0.9946	0.9738	0.9942	0.9982	0.9778	0.9852	0.8948
0.001	0.011	59.95332218825725	3.074473541029304	0.9757494845360823	0.9876	0.9966	0.9764	0.9952	0.9978	0.9758	0.9838	0.892
0.001	0.012	60.150648181206805	3.2993870364068836	0.9693886597938144	0.998	0.996	0.978	0.9948	0.998	0.9536	0.977	0.8808
0.001	0.013000000000000001	60.13085478727282	3.497696328946021	0.9627649484536082	0.999	0.9962	0.9812	0.9958	0.9974	0.9292	0.9692	0.8748
0.001	0.013999999999999999	59.67440860383062	3.7045377610226997	0.9483237113402061	0.9962	0.9946	0.9756	0.9938	0.9948	0.8978	0.9448	0.8624
0.001	0.015	59.99732441974702	3.899582274257969	0.9359185567010307	0.9962	0.9968	0.9756	0.994	0.9936	0.883	0.913	0.8432
0.001	0.016	60.18066441154831	4.017118090867702	0.924562886597938	0.9964	0.996	0.9714	0.9956	0.9932	0.8662	0.882	0.84
0.001	0.017	59.688850110758075	4.119044666945275	0.9123484536082475	0.996	0.988	0.9668	0.9916	0.9922	0.8522	0.864	0.8084
0.001	0.018	59.988377638896	4.226129849969367	0.9005979381443299	0.9926	0.9932	0.9664	0.993	0.99	0.8212	0.8346	0.8166
0.001	0.019	60.15698884890736	4.338117353693596	0.8789185567010308	0.9962	0.9884	0.9612	0.9924	0.9866	0.7826	0.804	0.7626
0.002	0.003	60.288408301175345	0.43547959957965554	0.8344381443298968	0.9998	0.9966	0.9544	0.9848	0.9754	0.753	0.6666	0.7248
0.002	0.004	59.52070870343091	0.49901486664991224	0.8551494845360823	0.9998	0.9952	0.9702	0.9876	0.9868	0.785	0.7054	0.7472
0.002	0.005	59.824558045288434	0.70323555968132	0.9094577319587628	0.9984	0.9976	0.963	0.9918	0.9924	0.8848	0.8336	0.7868
0.002	0.006	59.57604003379611	1.048990670817237	0.9480298969072165	0.9988	0.9956	0.9762	0.9948	0.997	0.9442	0.921	0.8276
0.002	0.007	59.504380078764875	1.3395772914018078	0.9635247422680412	0.999	0.9968	0.9758	0.9964	0.9976	0.9676	0.9524	0.8574
0.002	0.008	59.96752879668701	1.5089473549901222	0.9708432989690722	0.9992	0.9982	0.9786	0.9966	0.9994	0.9732	0.9726	0.8642
0.002	0.009000000000000001	59.99585630396062	1.6334267385730512	0.9737381443298968	0.999	0.9978	0.9798	0.9956	0.999	0.9762	0.9754	0.8802
0.002	0.01	59.68266338843091	1.7446041308115514	0.9703474226804123	0.999	0.9984	0.976	0.9962	0.9964	0.9702	0.9784	0.8574
0.002	0.011	59.74678913473229	1.907264787386526	0.966280412371134	0.9806	0.9918	0.9618	0.9946	0.9988	0.9662	0.9788	0.8536
0.002	0.012	59.68834223270907	2.134106964363317	0.9670670103092782	0.9988	0.9982	0.9786	0.996	0.9972	0.9562	0.9756	0.8546
0.002	0.013000000000000001	59.867834960955854	2.4249407487737478	0.9609927835051546	0.9968	0.996	0.9712	0.9934	0.9974	0.949	0.9664	0.8438
0.002	0.013999999999999999	59.693294148972925	2.645012842286347	0.9505432989690721	0.9984	0.9944	0.9732	0.9958	0.9974	0.9328	0.9446	0.8204
0.002	0.015	59.72642120085043	2.908589392070647	0.9455216494845361	0.997	0.9964	0.9688	0.995	0.9964	0.9212	0.931	0.829
0.002	0.016	59.795941680764095	3.005031546438282	0.9428783505154639	0.9966	0.9974	0.9744	0.9938	0.995	0.9192	0.915	0.8402
0.002	0.017	59.86193867595496	3.0699345621924072	0.9324927835051545	0.9974	0.9956	0.9538	0.9944	0.9964	0.9106	0.9068	0.7964
0.002	0.018	60.06076927808734	4.285118099838816	0.8836164948453608	0.9948	0.9912	0.9472	0.9932	0.991	0.8008	0.8224	0.74
0.002	0.019	60.215910321171414	4.36410210843925	0.8760670103092784	0.9958	0.9958	0.9716	0.9914	0.9886	0.7796	0.801	0.7304
0.003	0.003	59.676189389480896	0.4028917307478322	0.7936164948453608	1.0	0.9976	0.9586	0.9836	0.976	0.6724	0.5632	0.7128
0.003	0.004	59.782008058368014	0.4720266211166569	0.8346123711340206	0.9976	0.9964	0.9554	0.99	0.9878	0.7498	0.6608	0.7284
0.003	0.005	59.614590392379384	0.5865278383433398	0.8800257731958762	0.9978	0.998	0.953	0.9894	0.991	0.844	0.7542	0.7756
0.003	0.006	59.803283845246725	0.7797002307109808	0.9195711340206185	0.9838	0.9976	0.9616	0.993	0.9946	0.908	0.8584	0.79
0.003	0.007	59.81418599943428	1.0009633547344259	0.942022680412371	0.971	0.997	0.9806	0.9954	0.997	0.9456	0.9128	0.7952
0.003	0.008	59.835264979346206	1.1283332920605518	0.9539907216494845	0.999	0.9974	0.9782	0.9964	0.997	0.9452	0.9366	0.8408
0.003	0.009000000000000001	59.65478028201309	1.2229611727599206	0.9535515463917525	0.9994	0.995	0.9684	0.9954	0.9978	0.9416	0.9506	0.8232
0.003	0.01	60.03947920566006	1.3567908109667426	0.9569298969072164	0.999	0.996	0.9762	0.9944	0.9976	0.9478	0.9562	0.8242
0.003	0.011	60.02821200935523	1.9433491390578064	0.9657649484536082	0.9994	0.9964	0.9804	0.9944	0.9972	0.9584	0.9766	0.8378
0.003	0.012	60.44009729112487	1.7894174146537873	0.9545948453608246	0.9984	0.9968	0.947	0.9958	0.9984	0.935	0.9638	0.8328
0.003	0.013000000000000001	59.47647634329515	1.9263657740300988	0.9485412371134022	0.9908	0.9898	0.9758	0.9956	0.9966	0.9214	0.9468	0.823
0.003	0.013999999999999999	59.94292317239671	2.6358123844038253	0.9436278350515462	0.9968	0.9966	0.9798	0.9942	0.9968	0.9212	0.9424	0.7758
0.003	0.015	59.75408051429806	2.312162403875916	0.9422443298969071	0.9972	0.9956	0.9696	0.9952	0.9948	0.9218	0.9198	0.824
0.003	0.016	60.211437723499245	2.391625495707821	0.9319288659793813	0.9988	0.996	0.9604	0.9948	0.996	0.9122	0.9014	0.7932
0.003	0.017	59.749398412027624	2.4437644840387316	0.9286556701030927	0.998	0.9958	0.9284	0.9924	0.9962	0.9076	0.898	0.8116
0.003	0.018	60.015876653079225	3.1250796346146994	0.9242474226804124	0.998	0.9906	0.9328	0.9934	0.9972	0.9002	0.8922	0.7954
0.003	0.019	59.88469369076737	2.683649510701844	0.918261855670103	0.9954	0.9964	0.9554	0.9928	0.9962	0.881	0.8768	0.7832
0.004	0.003	59.63735175480004	0.4009001655377134	0.7885587628865978	0.9958	0.9952	0.9436	0.9804	0.9696	0.688	0.555	0.6854
0.004	0.004	59.7362012338846	0.4631712817502192	0.8391103092783505	0.9994	0.9956	0.968	0.9848	0.986	0.7926	0.6816	0.6446
0.004	0.005	59.654075586104106	0.561887306757074	0.8633474226804123	0.9994	0.9976	0.9196	0.9896	0.991	0.8272	0.7322	0.7308
0.004	0.006	59.62037715302139	0.69684236488173	0.9092938144329896	0.9984	0.9978	0.978	0.9946	0.995	0.8772	0.8424	0.759
0.004	0.007	59.461995152011575	0.8294828052957033	0.9298402061855668	0.9994	0.997	0.9656	0.993	0.9946	0.9146	0.889	0.7944
0.004	0.008	59.61899950400911	0.9317222841107514	0.9342061855670103	0.9984	0.996	0.9744	0.993	0.9962	0.9222	0.9034	0.781
0.004	0.009000000000000001	59.473865469417916	1.0098515086653035	0.9428350515463917	0.9986	0.9968	0.9804	0.9942	0.997	0.9338	0.92	0.7952
0.004	0.01	59.68456955840854	1.1183535824352941	0.9443402061855669	0.999	0.9938	0.9668	0.996	0.9964	0.9222	0.9312	0.8184
0.004	0.011	59.744170329126206	1.246262999491494	0.9510309278350516	0.9864	0.9974	0.971	0.9952	0.9964	0.9346	0.945	0.8274
0.004	0.012	59.6192217058847	1.395214682461613	0.9496762886597938	0.9956	0.993	0.9758	0.9956	0.9984	0.9302	0.9466	0.8118
0.004	0.013000000000000001	59.563288845095855	1.589877672597288	0.9455298969072163	0.9804	0.9958	0.9684	0.9952	0.9972	0.9194	0.938	0.8244
0.004	0.013999999999999999	59.29334586757259	1.6980805939429529	0.9322474226804124	0.9818	0.9946	0.965	0.993	0.9968	0.903	0.9086	0.8018
0.004	0.015	60.05095273640609	1.8344356143961416	0.9236525773195875	0.992	0.9954	0.954	0.9924	0.9952	0.8918	0.8916	0.7866
0.004	0.016	59.58876741367681	1.8926752581135926	0.9241639175257732	0.9968	0.9986	0.9728	0.9932	0.9954	0.8902	0.8894	0.7748
0.004	0.017	59.87930054892241	1.9825953028033245	0.9198639175257729	0.9964	0.9938	0.947	0.9942	0.9954	0.8942	0.8768	0.7848
0.004	0.018	59.65240749328366	2.0611279914196396	0.9103824742268041	0.9954	0.991	0.9564	0.9932	0.9932	0.8788	0.8518	0.7768
0.004	0.019	59.87410896876103	2.161525100677782	0.9063061855670101	0.991	0.99	0.9622	0.9926	0.9944	0.8762	0.839	0.7692
0.005	0.003	59.53623264727109	0.39277354291156347	0.7769670103092784	1.0	0.9964	0.915	0.9816	0.966	0.6616	0.5506	0.6598
0.005	0.004	59.709332319969924	0.4408509137840967	0.8273731958762887	0.9998	0.997	0.9222	0.984	0.9816	0.7468	0.6662	0.6962
0.005	0.005	59.65385655897265	0.5232857665821794	0.8502556701030927	1.0	0.9962	0.9438	0.988	0.9846	0.779	0.715	0.7166
0.005	0.006	59.68680109511105	0.6129831552738446	0.8806525773195876	0.9992	0.997	0.93	0.9904	0.9894	0.8246	0.7996	0.7358
0.005	0.007	59.8516872519719	0.7189234548715683	0.9008443298969072	0.9942	0.9974	0.9788	0.9894	0.9886	0.8676	0.8536	0.685
0.005	0.008	59.84875419376881	0.80013576992426	0.9107494845360823	0.9984	0.9952	0.9218	0.9904	0.9908	0.878	0.8654	0.7836
0.005	0.009000000000000001	59.95857725126938	0.8674428628133958	0.9262020618556699	0.9776	0.9972	0.979	0.9948	0.9936	0.9018	0.889	0.7794
0.005	0.01	59.699234852477574	0.9472390327807626	0.9296762886597937	0.9982	0.9962	0.9726	0.9954	0.9916	0.8862	0.905	0.801
0.005	0.011	59.81721587472555	1.0414425478385787	0.9229134020618555	0.9994	0.9944	0.8896	0.996	0.9932	0.8934	0.9112	0.7904
0.005	0.012	59.676573480758634	1.150444178484671	0.9330257731958763	0.9988	0.997	0.9654	0.9932	0.9962	0.902	0.915	0.786
0.005	0.013000000000000001	59.5117333531871	1.285338570805234	0.9324216494845359	0.9946	0.9934	0.9796	0.9936	0.9966	0.9034	0.9098	0.7808
0.005	0.013999999999999999	59.76351931255961	1.4211392300032994	0.9201938144329898	0.9968	0.9962	0.957	0.9958	0.9966	0.8792	0.8898	0.7698
0.005	0.015	59.86614304231495	1.5282267816219979	0.9174298969072164	0.9756	0.9958	0.9624	0.994	0.9948	0.8772	0.885	0.7672
0.005	0.016	59.745228960546136	1.6053314399461103	0.9151381443298969	0.999	0.9954	0.9582	0.993	0.9948	0.878	0.8684	0.776
0.005	0.017	59.416527979323696	1.6608012166218598	0.9144257731958763	0.997	0.9972	0.9716	0.994	0.9958	0.8728	0.868	0.7638
0.005	0.018	59.70268373740976	1.7321920595843308	0.9020123711340207	0.9948	0.9916	0.9642	0.9916	0.9926	0.8576	0.8392	0.7584
0.005	0.019	59.72471342477451	1.8019904814344225	0.8981309278350516	0.9956	0.992	0.9596	0.9918	0.994	0.8704	0.827	0.73
0.006	0.003	59.4856818233011	0.38114600275462174	0.7851247422680412	0.9976	0.995	0.9338	0.9782	0.962	0.6924	0.5648	0.6422
0.006	0.004	59.891178795272914	0.4214454964242356	0.8097845360824741	1.0	0.9944	0.9654	0.9824	0.976	0.6862	0.6288	0.6894
0.006	0.005	59.80991814501429	0.48563727109012134	0.8347577319587627	1.0	0.9944	0.9268	0.9908	0.9838	0.7464	0.6928	0.695
0.006	0.006	59.74307836781842	0.549759483848285	0.8560432989690722	0.999	0.9968	0.9382	0.9884	0.9898	0.7744	0.7396	0.7228
0.006	0.007	59.76596035383245	0.6296391565573061	0.8766546391752575	0.9998	0.997	0.9692	0.9894	0.9866	0.8076	0.7904	0.7146
0.006	0.008	59.68406484276377	0.7007986156207477	0.8911092783505155	0.9986	0.9968	0.9756	0.9918	0.9874	0.8288	0.8148	0.7488
0.006	0.009000000000000001	59.683053826394215	0.7584894042396575	0.8978268041237113	0.9984	0.9954	0.9684	0.992	0.9904	0.8388	0.8398	0.743
0.006	0.01	59.69604149965077	0.8197506082353333	0.907160824742268	0.999	0.9954	0.9712	0.9924	0.989	0.8558	0.8578	0.7578
0.006	0.011	59.711309912521024	0.8948886891037996	0.9095608247422681	0.9956	0.9974	0.9694	0.9946	0.9914	0.8522	0.8712	0.7532
0.006	0.012	59.96546708240928	0.9860225841830821	0.9199154639175257	0.9996	0.9956	0.969	0.9946	0.9928	0.8722	0.8898	0.7718
0.006	0.013000000000000001	59.55145820612859	1.0829343327396852	0.9158979381443298	0.9818	0.9956	0.9588	0.9936	0.9952	0.8714	0.8844	0.765
0.006	0.013999999999999999	59.808240530628005	1.3982171653025999	0.9208876288659793	0.9898	0.9936	0.9674	0.9938	0.996	0.8852	0.8936	0.7558
0.006	0.015	59.70176795010853	1.5132725496732016	0.9142917525773195	0.9596	0.997	0.9436	0.992	0.9936	0.877	0.8782	0.7812
0.006	0.016	60.182526142062024	1.3774446954652995	0.9055670103092782	0.9968	0.992	0.957	0.9928	0.9938	0.8638	0.8478	0.7646
0.006	0.017	59.89223583925618	1.4218857785759809	0.9023567010309279	0.9978	0.9956	0.9466	0.9956	0.9936	0.8718	0.8434	0.7346
0.006	0.018	59.65251541518574	1.498246268098163	0.8988402061855669	0.9898	0.993	0.9772	0.993	0.9934	0.8478	0.8336	0.745
0.006	0.019	59.31896727145912	1.5617832299643106	0.897182474226804	0.9952	0.9938	0.9712	0.9914	0.9918	0.8624	0.8222	0.7356
0.007	0.003	59.80047299649452	0.3764136536304536	0.7717711340206187	1.0	0.9962	0.9616	0.9682	0.955	0.6592	0.5454	0.6066
0.007	0.004	59.64629694932391	0.4047723070018054	0.7739948453608247	0.9992	0.9948	0.9032	0.9796	0.9618	0.6546	0.564	0.6334
0.007	0.005	59.54520164871532	0.4588784872667479	0.8155783505154639	1.0	0.9964	0.953	0.9836	0.9828	0.7084	0.658	0.6418
0.007	0.006	59.81892206437773	0.5150573889947695	0.835601030927835	0.9938	0.9958	0.9566	0.984	0.9834	0.7366	0.7024	0.6782
0.007	0.007	59.5863771609896	0.5763608656851438	0.8427484536082473	0.9982	0.9968	0.9732	0.9866	0.979	0.739	0.7342	0.6518
0.007	0.008	59.66573005105545	0.6387627189287983	0.8606773195876288	0.993	0.9966	0.937	0.9908	0.9872	0.7754	0.7668	0.7074
0.007	0.009000000000000001	59.74090238113398	0.6894132600521963	0.8816721649484536	0.9994	0.996	0.962	0.9864	0.9834	0.8088	0.8072	0.7352
0.007	0.01	59.83001150261214	0.7458059158831448	0.8894278350515463	0.9978	0.9964	0.9154	0.9938	0.9888	0.8382	0.8308	0.7362
0.007	0.011	59.85773906704641	0.801545060004235	0.8940123711340204	0.9996	0.9958	0.9738	0.9924	0.988	0.8364	0.8326	0.7238
0.007	0.012	59.61058600569089	0.8669890047489379	0.9026556701030928	0.9984	0.9942	0.9666	0.992	0.9904	0.843	0.8594	0.7394
0.007	0.013000000000000001	59.72530066682806	0.9541484904901922	0.9042309278350515	0.9986	0.9948	0.967	0.995	0.9902	0.8608	0.8616	0.7148
0.007	0.013999999999999999	60.07361728261604	1.1981799002839622	0.9111649484536083	0.9978	0.9942	0.9496	0.9948	0.9944	0.872	0.8724	0.7492
0.007	0.015	60.13485123697005	1.1373888655333104	0.9017752577319587	0.9984	0.9958	0.9622	0.9932	0.9912	0.8614	0.8354	0.7542
0.007	0.016	59.55818932250726	1.1759897041407406	0.8909134020618555	0.995	0.9948	0.956	0.9924	0.9896	0.836	0.8218	0.7386
0.007	0.017	59.86810635111857	1.2434200078494022	0.8881958762886597	0.9958	0.994	0.9534	0.9952	0.994	0.838	0.8246	0.6998
0.007	0.018	59.662281167829164	1.4875543694721478	0.8937762886597937	0.9954	0.9884	0.9496	0.9932	0.9944	0.852	0.8314	0.7228
0.007	0.019	60.151778224591936	1.3872643538116711	0.8883721649484537	0.9954	0.9896	0.9732	0.9908	0.9928	0.8564	0.8042	0.7064
